1 137
2 108
3 108
4 108
5 122
6 94
6 108
6 137
7 94
7 108
7 137
8 94
8 108
8 137
9 94
10 94
11 129
11 8
12 122
12 129
12 8
13 122
13 129
14 122
15 33
16 122
16 8
17 53
17 108
17 113
17 122
17 94
18 53
18 108
18 113
18 122
18 94
19 53
19 108
19 113
19 122
19 94
20 53
20 108
20 113
20 122
20 94
21 53
21 108
21 113
21 122
21 94
22 53
22 108
22 113
22 122
22 94
23 53
23 108
23 113
23 122
23 94
24 53
24 108
24 113
24 122
24 94
25 53
25 108
25 113
25 122
25 94
26 53
26 108
26 113
26 122
26 94
27 53
27 108
27 113
27 122
27 94
28 53
28 108
28 113
28 122
28 94
29 53
29 108
29 113
29 122
29 94
30 53
30 108
30 113
30 122
30 94
31 53
31 108
31 113
31 122
31 94
32 53
32 108
32 113
32 122
32 94
33 33
34 33
35 63
36 63
37 122
37 108
38 53
38 108
38 113
38 122
38 94
39 33
40 33
41 33
42 108
42 114
43 122
43 8
44 122
44 129
44 8
45 122
45 129
45 8
46 8
47 122
47 129
47 8
48 122
48 129
48 8
49 114
50 108
50 114
51 108
51 114
52 108
52 114
53 108
53 114
54 114
55 108
55 114
56 108
56 114
57 94
58 94
59 94
60 94
61 94
62 94
63 94
64 94
65 94
66 94
67 94
68 94
69 108
70 108
70 114
71 114
72 33
73 33
74 33
75 33
76 33
77 33
78 94
79 108
80 108
81 108
82 108
83 108
84 108
85 108
86 108
87 108
88 57
89 94
89 3
90 136
90 137
91 63
92 33
93 108
93 114
94 114
95 108
95 114
96 108
96 114
97 57
98 57
99 57
100 57
101 113
102 113
103 101
104 101
105 101
106 101
107 101
108 101
109 94
110 113
111 113
112 89
113 89
114 94
114 3
115 114
116 20
117 122
118 108
118 20
118 78
119 108
119 20
119 78
120 33
121 94
121 57
122 94
122 57
123 94
124 94
125 122
126 122
127 122
128 122
129 94
130 94
131 94
132 122
133 94
134 122
134 129
134 8
135 53
135 108
135 113
135 122
135 94
136 53
136 108
136 113
136 122
136 94
137 53
137 108
137 113
137 122
137 94
138 53
138 108
138 113
138 122
138 94
139 53
139 108
139 113
139 122
139 94
140 78
140 108
140 20
140 57
140 94
140 68
141 78
141 108
141 20
141 57
141 94
141 68
142 78
142 108
142 20
142 57
142 94
142 68
143 78
143 108
143 20
143 57
143 94
143 68
144 78
144 108
144 20
144 57
144 94
144 68
145 78
145 108
145 20
145 57
145 94
145 68
146 78
146 108
146 20
146 57
146 94
146 68
147 94
148 108
149 94
149 108
149 137
150 94
150 108
150 137
151 94
152 94
153 113
154 113
155 94
155 33
156 94
156 33
157 94
157 33
158 94
158 33
159 94
159 33
160 33
160 94
161 94
162 94
162 33
163 94
163 33
164 94
165 94
165 3
166 94
167 94
168 94
169 113
169 108
170 113
170 108
171 108
171 113
172 9
172 64
173 108
173 94
174 108
174 114
175 108
176 108
177 108
177 114
178 114
179 108
179 114
180 108
180 114
181 114
182 108
182 119
182 94
183 113
183 108
184 94
185 33
186 94
187 94
188 94
189 94
189 57
190 94
191 94
191 57
192 94
192 57
193 57
194 94
194 57
195 108
195 119
195 94
196 134
196 139
197 108
197 119
197 94
198 108
198 119
198 94
199 108
199 119
199 94
200 108
200 119
200 94
201 108
201 119
201 94
202 108
202 119
202 94
203 108
203 119
203 94
204 108
204 119
204 94
205 108
205 119
205 94
206 94
207 94
208 108
208 119
208 94
209 94
210 94
211 94
212 122
212 128
212 120
213 108
213 119
213 94
214 94
215 57
216 108
216 114
217 94
218 108
218 114
219 114
220 108
220 114
221 108
221 114
222 122
222 129
222 8
223 122
224 122
225 27
225 24
226 108
226 114
227 27
227 24
228 27
228 24
229 122
230 108
230 119
230 94
231 113
231 108
232 94
233 94
234 94
235 108
235 114
236 114
237 114
238 114
239 113
239 108
240 113
240 108
241 101
242 63
243 57
244 139
244 134
245 108
245 114
246 57
247 136
247 137
247 139
247 134
248 94
249 8
250 94
251 108
252 122
253 94
253 33
254 94
254 33
255 94
255 33
256 94
256 33
257 114
258 20
259 20
260 136
260 137
261 114
262 63
263 114
264 114
265 108
265 114
266 94
267 94
268 108
268 114
269 108
269 114
270 101
270 102
270 3
270 108
270 94
271 108
271 114
272 108
272 114
273 108
274 108
274 114
275 108
275 114
276 108
276 113
276 53
276 54
276 55
276 57
276 94
277 108
277 114
278 108
278 113
278 53
278 54
278 55
278 57
278 94
279 108
279 113
279 53
279 54
279 55
279 57
279 94
280 108
280 114
281 114
282 108
282 113
282 53
282 54
282 55
282 57
282 94
283 108
283 114
284 108
284 114
285 20
286 114
287 108
287 114
288 20
289 20
290 20
291 108
291 114
292 108
292 114
293 94
294 113
294 108
295 113
295 108
296 101
297 101
298 63
299 108
299 114
300 108
301 94
302 108
302 114
303 108
303 114
304 63
305 108
305 114
306 108
306 114
307 108
307 114
308 103
308 10
309 64
310 108
311 108
312 122
312 129
313 122
313 108
314 122
314 108
314 90
315 122
315 108
315 90
316 113
317 94
318 113
319 33
320 16
320 33
321 108
321 119
321 94
322 33
323 108
323 119
323 94
324 108
324 114
325 114
326 108
326 114
327 108
327 114
328 108
328 114
329 20
330 94
331 113
332 113
333 101
334 113
335 113
335 108
335 20
336 101
337 101
338 101
339 108
339 114
340 94
341 108
341 114
342 94
343 94
344 63
345 104
346 108
346 114
347 134
347 139
348 57
349 57
350 137
351 108
351 114
352 108
352 114
353 94
354 57
355 57
356 94
357 63
358 108
358 114
359 94
360 134
360 139
361 134
361 139
361 135
361 136
362 63
363 94
364 108
364 114
365 139
366 108
366 114
367 27
367 24
368 94
369 94
370 94
371 33
372 33
373 137
374 33
375 108
376 108
376 119
376 94
377 101
378 101
379 101
380 101
381 101
382 101
383 94
384 94
385 94
386 103
386 10
387 57
387 136
388 94
389 94
390 33
391 33
392 94
393 94
394 94
395 20
396 33
397 108
397 20
397 78
398 122
398 108
398 69
398 90
399 57
400 94
401 94
402 94
403 94
404 94
405 57
406 94
407 94
408 94
409 94
410 94
411 94
412 104
413 94
414 94
415 94
416 94
417 94
418 94
419 94
420 113
420 108
421 94
422 87
423 33
424 122
425 57
426 94
427 90
428 122
429 33
430 94
431 94
432 94
433 94
434 94
435 94
436 94
437 94
438 94
439 94
440 94
441 40
442 95
443 94
443 19
443 25
443 27
443 24
443 29
443 31
443 26
443 22
443 23
443 105
443 138
444 94
445 94
446 33
447 108
448 108
449 90
449 33
449 94
450 122
451 33
452 46
453 33
454 33
455 113
456 86
456 16
456 57
456 33
457 108
458 57
458 91
458 92
458 81
459 57
460 94
461 94
462 20
463 108
463 101
463 94
464 74
464 20
465 33
466 108
466 74
466 94
466 20
467 108
468 94
469 122
470 94
470 139
470 20
470 101
471 108
472 57
472 137
473 122
473 108
473 113
474 56
474 140
474 9
475 122
476 131
477 94
477 108
477 137
478 94
478 108
478 137
479 33
480 33
481 113
482 33
483 27
483 24
483 108
483 94
483 82
484 74
485 122
485 72
486 27
486 24
487 9
488 33
489 28
490 33
490 40
490 38
490 35
491 94
491 57
491 50
491 104
491 96
491 69
492 94
492 27
492 24
492 108
493 94
494 94
495 94
496 94
497 94
498 94
499 94
500 94
501 94
502 94
503 94
504 94
505 94
506 94
507 94
508 94
509 94
510 94
511 94
512 94
513 94
514 115
514 13
514 17
514 18
514 77
514 76
514 21
514 117
514 4
515 94
516 94
517 94
518 57
518 108
519 136
519 137
520 74
521 74
522 33
523 94
523 3
524 33
525 94
526 94
527 89
528 94
529 94
530 108
531 57
532 113
533 33
534 46
535 46
536 33
537 57
538 108
539 98
539 104
539 7
539 15
539 65
539 84
539 94
540 57
541 33
542 57
542 122
543 108
544 16
545 108
545 113
546 94
547 33
548 94
549 108
550 94
551 28
552 94
552 118
552 108
553 108
553 53
553 33
553 37
553 35
553 94
553 118
554 94
555 94
556 101
557 94
558 33
559 108
560 33
561 126
562 94
562 99
563 104
564 33
565 69
566 63
567 33
568 33
569 53
569 108
569 113
569 122
569 94
570 108
570 57
570 122
571 108
571 57
571 122
571 74
571 94
572 133
573 108
573 57
573 122
574 108
574 57
574 122
574 74
574 94
575 122
575 128
576 108
576 57
576 122
576 74
576 94
577 120
577 128
577 122
578 64
578 103
578 10
579 95
579 64
579 103
579 10
580 133
581 108
581 57
581 122
582 108
582 57
582 122
582 94
583 108
584 94
585 57
585 94
585 108
586 94
587 96
588 108
588 28
588 94
589 33
590 108
591 139
592 33
593 33
594 108
594 57
594 94
595 94
595 57
595 25
595 108
595 113
595 71
596 108
597 122
598 122
598 129
598 8
599 122
600 108
601 41
601 101
601 108
601 94
601 122
601 57
602 33
602 108
603 33
604 57
604 108
604 33
605 57
605 108
605 33
606 27
606 24
606 94
606 48
607 48
608 94
608 11
608 113
609 108
610 94
610 108
611 108
612 74
613 74
613 108
614 108
615 39
616 74
616 20
616 122
616 108
616 69
616 90
617 74
618 74
619 74
620 74
620 108
621 57
621 94
621 118
621 91
621 92
621 81
621 28
622 27
622 24
623 74
624 108
625 57
626 57
627 57
628 57
629 57
630 57
631 57
632 57
633 57
634 94
635 94
636 106
637 20
638 33
639 108
640 108
640 113
641 56
641 140
641 9
642 108
642 57
642 14
643 20
644 32
645 122
645 33
646 122
646 108
647 122
648 33
649 108
649 57
649 94
650 94
651 57
652 94
652 118
652 122
653 122
654 108
655 108
656 108
657 108
658 33
659 27
659 24
659 136
659 137
659 139
659 134
659 108
660 94
660 33
661 94
662 94
662 108
662 118
662 57
662 91
662 92
662 81
663 57
664 33
664 94
665 114
666 108
667 45
668 108
669 108
670 82
671 16
671 57
671 86
672 108
673 89
674 33
675 33
676 98
676 7
676 65
676 84
676 94
677 108
678 94
678 122
678 57
679 57
680 74
681 33
682 113
683 94
684 57
685 90
685 57
686 94
687 57
688 108
689 80
689 132
689 33
690 94
690 57
690 25
690 108
690 113
690 71
691 94
692 54
692 108
692 122
692 57
692 94
693 104
694 104
695 94
696 126
697 126
698 126
699 126
700 126
701 126
702 126
703 108
704 108
705 94
705 57
705 134
705 47
705 108
706 57
707 87
708 87
709 94
710 94
711 94
712 33
713 33
713 94
714 120
714 128
714 122
715 120
715 128
715 122
716 126
717 94
718 126
719 94
720 126
721 58
722 113
722 108
723 126
724 126
725 33
726 12
727 12
728 12
729 12
730 12
731 12
732 12
733 137
734 137
734 139
735 137
735 139
736 136
737 136
738 139
738 134
739 94
740 94
741 94
742 94
743 113
743 101
743 107
743 74
743 20
743 7
743 57
743 96
743 108
743 15
743 17
743 16
744 57
745 57
746 57
747 57
748 57
749 57
750 57
751 57
752 57
753 94
754 94
755 94
756 94
757 94
758 108
759 108
760 94
761 94
762 122
763 108
764 108
765 108
766 108
767 108
768 108
769 108
770 108
771 108
772 108
773 88
774 27
774 24
774 57
774 94
774 90
774 104
774 137
774 138
774 139
774 9
774 52
774 97
774 51
774 70
774 42
774 100
774 122
774 33
775 94
775 108
776 94
776 108
777 94
778 69
778 94
779 94
780 94
781 94
782 108
783 94
784 108
784 114
785 114
786 114
787 108
787 114
788 108
789 108
789 114
790 108
790 114
791 108
791 114
792 94
793 108
793 114
794 108
794 114
795 114
796 108
796 30
797 114
798 108
799 114
799 93
800 114
801 108
801 114
802 108
802 114
803 108
803 114
804 108
805 57
806 108
806 113
807 122
808 108
809 108
810 108
811 83
812 108
813 89
814 94
815 94
816 94
817 94
818 94
819 94
820 113
820 94
821 113
821 94
822 122
823 122
824 122
825 57
826 122
827 33
827 40
828 33
828 40
829 33
830 33
831 94
832 94
833 108
834 12
835 12
836 94
837 33
838 94
838 122
838 129
838 8
839 122
839 129
839 8
840 108
841 33
841 94
842 108
843 94
844 74
845 28
846 108
846 113
847 48
848 48
849 48
850 94
851 33
852 94
852 122
852 129
852 8
853 108
854 108
854 113
854 43
854 3
854 69
855 94
856 122
856 129
856 8
857 94
857 57
857 3
857 69
857 101
858 94
858 57
858 3
858 69
858 101
859 94
860 94
861 94
862 53
862 87
863 94
864 33
865 108
866 108
866 57
867 113
867 108
868 94
868 118
868 122
869 20
870 94
871 48
872 48
873 33
874 48
874 33
875 27
875 24
875 48
875 108
875 113
875 33
875 9
875 52
875 97
875 51
875 70
875 42
875 104
875 100
875 122
875 125
876 108
876 57
877 94
877 57
878 122
879 89
880 94
881 94
881 27
881 24
881 57
882 94
883 27
883 24
884 20
885 108
886 104
887 108
888 108
889 113
890 113
891 113
892 113
893 113
894 108
894 16
894 125
894 94
894 57
894 69
895 94
895 99
896 122
897 33
898 108
899 83
900 104
901 33
901 94
902 69
903 53
903 108
903 113
903 122
903 94
904 108
905 20
905 66
905 74
906 33
907 94
907 57
907 108
908 32
909 101
910 94
911 122
911 130
912 122
912 130
913 63
914 122
914 130
915 122
915 130
916 108
917 113
918 94
919 27
919 24
919 33
919 38
919 108
919 34
919 40
919 113
920 108
920 114
921 98
921 84
921 94
922 69
923 94
924 94
925 94
925 57
925 108
926 33
927 57
928 94
929 94
930 137
931 137
932 33
933 90
934 33
935 33
936 33
937 3
937 5
938 108
939 94
939 118
940 32
941 94
942 94
943 94
944 94
945 108
946 94
947 94
947 101
947 113
948 122
948 94
949 57
950 101
951 101
952 101
953 101
954 101
955 94
956 108
957 94
957 57
958 122
958 121
958 120
958 127
958 128
958 130
959 94
960 120
960 128
960 122
961 94
962 94
963 94
964 94
965 94
966 94
967 94
968 94
969 94
970 108
971 94
972 94
973 94
974 48
974 57
974 122
974 108
975 94
976 57
977 48
978 48
979 94
980 57
981 94
981 108
982 122
982 108
982 69
982 90
983 113
984 108
985 94
986 108
987 94
987 120
988 20
989 12
990 32
991 108
992 108
992 57
992 122
993 122
993 129
993 8
994 94
994 136
995 94
995 136
996 137
997 33
998 106
998 61
999 118
1000 57
1001 33
1002 33
1003 33
1004 108
1004 24
1004 94
1004 109
1004 110
1004 112
1004 111
1004 113
1005 108
1006 108
1007 108
1008 33
1008 108
1009 108
1010 113
1011 94
1012 57
1012 137
1013 108
1014 57
1014 137
1014 140
1014 108
1015 33
1016 57
1017 83
1018 57
1018 91
1018 90
1018 69
1018 104
1019 69
1020 53
1020 108
1020 113
1020 122
1020 94
1021 33
1021 35
1021 36
1021 38
1021 40
1022 33
1022 35
1023 33
1024 108
1024 113
1024 94
1025 108
1025 113
1025 94
1026 94
1027 122
1028 33
1029 33
1029 113
1029 108
1030 94
1031 94
1032 94
1033 108
1034 108
1035 69
1036 108
1037 94
1038 108
1038 117
1039 122
1040 94
1041 108
1042 94
1042 24
1042 57
1042 3
1042 69
1042 101
1042 108
1043 28
1044 28
1045 28
1046 122
1047 33
1048 122
1049 57
1050 94
1051 94
1052 27
1052 24
1052 57
1052 94
1052 85
1052 135
1052 6
1052 134
1053 94
1054 94
1054 135
1055 135
1056 94
1056 136
1057 94
1058 94
1058 108
1059 108
1060 12
1061 94
1062 33
1063 33
1064 57
1065 108
1066 63
1067 33
1068 33
1069 108
1070 137
1071 94
1072 33
1073 33
1074 16
1074 57
1074 86
1075 108
1076 122
1077 40
1078 57
1078 137
1078 108
1079 74
1080 57
1081 122
1082 28
1083 33
1084 94
1084 108
1084 137
1085 94
1086 122
1087 33
1088 57
1089 94
1090 114
1091 108
1091 114
1092 33
1093 108
1093 117
1093 115
1093 111
1093 116
1094 27
1094 24
1095 122
1095 129
1096 122
1096 129
1096 8
1097 94
1098 122
1099 114
1100 93
1101 108
1102 108
1103 108
1103 114
1104 108
1104 139
1104 20
1104 101
1104 94
1105 108
1105 114
1106 108
1107 14
1107 60
1107 33
1108 87
1109 3
1110 94
1111 96
1112 108
1113 94
1114 94
1115 94
1116 94
1117 94
1118 94
1119 94
1120 94
1121 94
1122 94
1123 94
1124 94
1125 94
1126 94
1127 94
1128 94
1129 94
1130 94
1131 94
1132 94
1132 9
1133 94
1134 94
1135 94
1136 94
1137 94
1138 94
1139 126
1140 94
1141 94
1142 94
1143 94
1144 94
1145 94
1146 94
1147 94
1148 94
1149 16
1149 57
1149 86
1150 108
1151 108
1152 118
1153 94
1154 94
1155 94
1156 94
1157 94
1158 94
1159 94
1160 108
1161 86
1161 126
1161 122
1161 121
1161 33
1161 16
1161 57
1162 113
1162 94
1163 113
1163 94
1164 86
1164 3
1164 16
1164 57
1164 33
1165 108
1166 94
1167 122
1168 108
1169 28
1170 28
1171 28
1172 28
1173 11
1173 94
1173 59
1173 28
1173 3
1173 108
1173 113
1173 30
1173 33
1174 94
1175 94
1176 33
1177 20
1178 108
1179 57
1180 123
1180 127
1180 128
1180 124
1180 122
1180 130
1181 94
1181 108
1182 94
1182 108
1183 122
1183 128
1184 122
1184 128
1185 136
1186 73
1186 53
1186 108
1186 46
1187 122
1187 94
1188 94
1189 108
1190 16
1190 57
1190 99
1190 86
1191 57
1191 20
1191 108
1191 94
1192 67
1192 69
1192 57
1192 20
1192 108
1192 94
1193 57
1193 20
1193 108
1193 94
1194 57
1194 20
1194 108
1194 94
1195 57
1195 20
1195 108
1195 94
1196 108
1196 57
1196 20
1196 94
1197 57
1197 20
1197 108
1197 94
1198 57
1198 20
1198 108
1198 94
1199 57
1199 20
1199 108
1199 94
1200 108
1201 108
1202 94
1203 122
1204 94
1204 9
1205 39
1206 94
1207 94
1208 108
1209 94
1210 108
1211 83
1212 94
1213 94
1214 94
1215 104
1216 104
1217 104
1218 94
1219 90
1219 104
1219 57
1220 108
1220 16
1220 125
1220 94
1220 57
1220 69
1221 45
1222 57
1222 94
1222 90
1222 104
1223 56
1223 140
1223 9
1224 45
1225 45
1226 45
1227 57
1228 45
1229 57
1230 45
1231 57
1232 122
1233 45
1234 45
1235 94
1235 9
1236 45
1237 33
1238 57
1239 53
1239 108
1239 113
1239 122
1239 94
1240 94
1241 28
1242 87
1243 94
1244 33
1245 33
1246 89
1246 108
1247 53
1247 87
1248 94
1249 94
1249 3
1250 33
1251 82
1251 33
1251 118
1252 122
1253 122
1254 122
1255 122
1256 20
1257 20
1258 94
1259 108
1260 94
1261 108
1262 108
1263 57
1263 91
1263 90
1263 69
1263 104
1263 136
1263 94
1264 94
1265 108
1266 108
1267 94
1267 108
1267 74
1268 94
1268 108
1268 74
1269 94
1269 108
1269 74
1270 94
1270 108
1270 74
1271 53
1271 108
1271 113
1271 122
1271 94
1272 53
1272 108
1272 113
1272 122
1272 94
1273 53
1273 108
1273 113
1273 122
1273 94
1274 53
1274 108
1274 113
1274 122
1274 94
1275 122
1276 27
1276 24
1277 33
1277 94
1278 94
1278 3
1279 94
1280 94
1281 94
1282 94
1283 94
1284 94
1285 94
1286 94
1287 94
1288 94
1289 53
1289 108
1289 113
1289 122
1289 94
1290 87
1291 94
1292 94
1293 94
1294 94
1295 27
1295 24
1296 87
1297 43
1297 44
1297 126
1297 108
1297 89
1297 83
1298 94
1299 94
1300 94
1301 108
1302 108
1302 114
1303 104
1304 53
1304 108
1304 113
1304 94
1305 134
1305 139
1305 135
1306 104
1306 94
1307 104
1308 104
1308 94
1309 104
1309 94
1310 104
1311 104
1312 108
1313 108
1313 30
1314 108
1315 108
1316 57
1316 122
1317 33
1318 33
1319 33
1320 33
1321 32
1322 57
1322 137
1322 94
1323 57
1323 137
1323 140
1324 57
1324 137
1325 57
1325 137
1325 140
1326 108
1327 33
1328 108
1329 94
1330 94
1331 94
1332 94
1333 108
1333 74
1333 113
1333 94
1334 57
1334 137
1335 94
1335 118
1336 122
1336 108
1336 113
1337 94
1338 118
1339 108
1339 113
1340 94
1341 20
1341 94
1341 57
1341 79
1341 122
1341 3
1341 69
1341 108
1342 94
1343 33
1344 108
1345 108
1345 53
1346 108
1346 114
1347 94
1348 94
1349 108
1349 114
1350 53
1350 108
1350 113
1350 122
1350 94
1351 57
1352 104
1353 53
1353 108
1353 113
1353 122
1353 94
1354 118
1355 28
1356 28
1357 94
1357 9
1358 108
1359 108
1360 94
1361 108
1362 20
1363 140
1364 108
1365 108
1366 33
1366 35
1366 34
1366 37
1367 87
1368 33
1369 94
1369 108
1370 89
1371 57
1371 94
1372 90
1373 108
1374 122
1375 108
1376 57
1376 69
1377 108
1378 94
1378 57
1379 94
1379 57
1380 20
1381 94
1382 27
1382 24
1383 94
1384 94
1385 94
1386 108
1387 108
1388 2
1388 66
1388 75
1389 94
1390 108
1390 33
1390 94
1391 108
1391 33
1391 94
1392 108
1392 33
1392 94
1393 108
1393 33
1393 94
1394 108
1394 33
1394 94
1395 108
1395 33
1395 94
1396 20
1396 16
1396 94
1396 2
1396 1
1397 74
1398 94
1399 108
1399 94
1400 137
1401 33
1402 94
1402 9
1402 108
1403 33
1404 94
1404 24
1404 74
1405 108
1406 46
1407 57
1407 91
1407 90
1407 69
1407 104
1408 33
1409 104
1410 108
1410 57
1410 94
1411 33
1412 57
1412 108
1413 108
1414 57
1415 108
1415 114
1416 108
1417 87
1418 57
1419 57
1420 57
1421 57
1422 94
1423 94
1424 57
1424 94
1425 94
1426 94
1427 94
1428 94
1429 57
1429 94
1430 57
1431 57
1432 57
1433 57
1434 57
1435 57
1436 57
1437 57
1438 57
1439 57
1440 57
1441 9
1442 94
1443 57
1443 108
1444 108
1445 94
1446 74
1446 94
1447 39
1447 94
1448 53
1448 87
1449 94
1450 94
1451 108
1451 54
1451 89
1451 57
1451 94
1451 122
1452 33
1453 33
1454 33
1455 33
1456 33
1457 33
1458 108
1458 114
1458 3
1458 33
1459 57
1460 118
1461 94
1462 118
1463 33
1464 94
1465 94
1466 94
1467 108
1468 94
1469 94
1470 108
1470 113
1471 57
1471 122
1472 113
1472 108
1473 122
1474 33
1475 53
1475 108
1475 113
1475 122
1475 94
1476 108
1477 108
1477 57
1477 122
1478 108
1478 57
1478 122
1479 94
1480 94
1481 94
1482 94
1483 94
1484 94
1485 94
1486 94
1487 94
1488 94
1489 94
1490 122
1491 94
1492 94
1493 94
1494 108
1495 99
1496 99
1497 125
1497 108
1497 113
1498 134
1498 139
1498 135
1498 136
1499 33
1500 94
1500 57
1500 137
1501 108
1502 108
1503 122
1504 104
1505 32
1506 108
1507 94
1507 57
1508 113
1509 98
1509 15
1509 65
1509 84
1509 94
1510 122
1511 108
1512 94
1513 27
1513 24
1513 57
1513 108
1513 94
1514 94
1514 118
1514 122
1515 94
1516 126
1517 89
1518 28
1519 113
1519 108
1520 28
1521 28
1522 28
1523 113
1523 108
1524 108
1525 94
1525 9
1526 94
1527 57
1528 28
1529 118
1530 32
1531 57
1531 137
1531 94
1532 122
1532 129
1533 122
1534 122
1534 8
1535 122
1535 129
1535 8
1536 57
1537 94
1538 122
1538 8
1539 122
1539 129
1540 122
1540 129
1541 33
1542 122
1542 129
1542 8
1543 94
1544 122
1545 122
1545 128
1546 108
1547 94
1547 49
1547 53
1547 69
1547 33
1548 108
1549 108
1549 113
1550 108
1551 94
1552 57
1553 11
1554 90
1555 94
1556 94
1557 94
1558 94
1559 94
1560 122
1561 33
1562 94
1562 118
1563 53
1564 108
1565 94
1566 113
1566 108
1566 94
1566 33
1567 94
1568 94
1568 57
1568 25
1568 108
1568 113
1568 71
1569 108
1570 108
1571 108
1572 57
1573 125
1574 57
1574 137
1575 122
1576 122
1577 122
1578 30
1578 94
1578 118
1578 108
1579 94
1580 32
1580 96
1581 96
1582 108
1582 94
1583 136
1584 94
1584 20
1584 57
1585 94
1585 20
1585 57
1586 94
1586 20
1586 57
1587 94
1587 20
1587 57
1588 94
1588 20
1588 57
1589 94
1590 122
1591 108
1591 101
1591 94
1592 136
1593 115
1593 13
1593 17
1593 18
1593 77
1593 76
1593 21
1593 117
1593 4
1594 94
1595 94
1596 94
1597 94
1598 94
1599 94
1600 57
1601 94
1601 108
1602 108
1603 62
1603 74
1603 57
1604 32
1605 108
1605 57
1605 122
1605 94
1606 33
1607 57
1608 57
1609 94
1610 108
1611 137
1612 108
1613 90
1613 94
1613 57
1614 122
1614 129
1614 8
1615 108
1616 108
1617 33
1618 94
1619 33
1620 86
1620 16
1620 57
1620 99
1621 33
1622 94
1623 108
1623 94
1624 94
1625 57
1626 94
1627 33
1627 122
1628 33
1629 57
1630 33
1631 108
1632 122
1632 57
1633 108
1634 108
1635 33
1636 57
1637 33
1638 33
1639 27
1639 24
1639 94
1639 108
1639 118
1640 94
1641 33
1642 33
1642 35
1642 34
1642 37
1642 94
1642 113
1642 108
1643 33
1644 136
1644 137
1645 136
1645 137
1646 108
1647 108
1648 94
1649 122
1650 108
1650 53
1651 108
1651 53
1652 118
1653 137
1654 108
1654 53
1655 108
1655 53
1656 108
1656 53
1657 108
1657 53
1658 57
1659 33
1659 35
1659 122
1659 80
1660 33
1661 33
1662 94
1663 57
1664 57
1664 91
1664 90
1664 69
1664 104
1665 94
1666 94
1666 57
1666 137
1666 108
1667 33
1668 108
1669 39
1669 108
1669 109
1669 110
1669 112
1669 111
1669 113
1669 53
1670 57
1671 9
1671 57
1672 94
1673 108
1674 5
1675 57
1676 57
1677 94
1678 33
1679 53
1680 53
1681 33
1682 94
1683 113
1684 113
1685 113
1686 113
1687 113
1688 108
1689 94
1690 94
1691 94
1692 94
1693 94
1694 94
1695 94
1696 94
1697 94
1698 94
1699 94
1700 94
1701 94
1702 94
1703 94
1704 94
1705 94
1706 108
1707 108
1708 33
1709 33
1710 94
1711 94
1712 57
1713 94
1714 74
1714 94
1714 57
1714 41
1715 94
1716 94
1716 57
1716 108
1717 94
1717 57
1717 25
1717 108
1717 113
1717 71
1718 94
1719 33
1720 122
