5.352112676056337559e-01
5.347071583514100279e-01
5.352877307274701568e-01
5.358695652173912638e-01
5.364526659412405252e-01
5.370370370370370905e-01
5.376226826608505593e-01
5.382096069868995691e-01
5.387978142076502719e-01
5.393873085339168094e-01
5.399780941949616775e-01
5.405701754385965341e-01
5.411635565312843399e-01
5.417582417582417209e-01
5.423542354235423302e-01
5.429515418502202095e-01
5.424476295479603305e-01
5.430463576158940375e-01
5.436464088397789940e-01
5.442477876106194268e-01
5.448504983388704481e-01
5.454545454545454142e-01
5.460599334073251709e-01
5.466666666666666341e-01
5.472747497219132562e-01
5.478841870824053828e-01
5.484949832775919409e-01
5.491071428571429047e-01
5.497206703910614278e-01
5.503355704697986406e-01
5.509518477043673368e-01
5.515695067264574369e-01
5.521885521885522286e-01
5.516853932584269149e-01
5.523059617547806388e-01
5.529279279279278869e-01
5.535512965050732870e-01
5.541760722347629509e-01
5.548022598870055999e-01
5.554298642533936903e-01
5.560588901472253154e-01
5.566893424036281068e-01
5.573212258796821361e-01
5.579545454545454808e-01
5.585893060295790136e-01
5.592255125284738559e-01
5.598631698973773885e-01
5.605022831050228138e-01
5.611428571428571654e-01
5.617848970251716478e-01
5.624284077892325318e-01
5.630733944954128267e-01
5.637198622273249526e-01
5.643678160919540776e-01
5.650172612197928990e-01
5.656682027649769795e-01
5.663206459054209718e-01
5.669745958429561750e-01
5.676300578034682021e-01
5.682870370370370905e-01
5.689455388180765238e-01
5.696055684454756074e-01
5.702671312427409767e-01
5.709302325581395721e-01
5.715948777648428569e-01
5.722610722610722567e-01
5.729288214702450421e-01
5.735981308411215451e-01
5.742690058479532622e-01
5.749414519906322907e-01
5.756154747948417638e-01
5.762910798122066192e-01
5.769682726204465872e-01
5.776470588235294024e-01
5.783274440518256787e-01
5.790094339622641195e-01
5.796930342384888357e-01
5.803782505910165535e-01
5.810650887573964862e-01
5.817535545023696519e-01
5.812574139976275367e-01
5.819477434679335426e-01
5.826397146254459480e-01
5.833333333333333703e-01
5.840286054827175111e-01
5.847255369928401336e-01
5.854241338112305959e-01
5.861244019138756034e-01
5.868263473053891843e-01
5.875299760191846632e-01
5.870348139255702202e-01
5.877403846153845812e-01
5.884476534296029238e-01
5.891566265060240726e-01
5.898673100120627177e-01
5.905797101449274944e-01
5.912938331318017271e-01
5.920096852300241741e-01
5.927272727272727693e-01
5.934466019417475868e-01
5.941676792223572479e-01
5.948905109489051046e-01
5.956151035322777565e-01
5.963414634146341209e-01
5.970695970695970578e-01
5.977995110024449943e-01
5.973072215422277065e-01
5.980392156862744946e-01
5.987730061349693100e-01
5.995085995085994712e-01
6.002460024600245747e-01
6.009852216748768905e-01
6.017262638717632006e-01
6.024691358024691912e-01
6.032138442521631783e-01
6.039603960396039417e-01
6.047087980173482258e-01
6.054590570719603493e-01
6.062111801242235920e-01
6.069651741293532465e-01
6.077210460772104472e-01
6.084788029925186637e-01
6.092384519350811933e-01
6.099999999999999867e-01
6.107634543178973585e-01
6.115288220551378107e-01
6.122961104140527411e-01
6.130653266331658191e-01
6.138364779874213584e-01
6.146095717884131338e-01
6.153846153846154188e-01
6.161616161616161325e-01
6.169405815423514294e-01
6.164556962025316000e-01
6.172370088719898451e-01
6.180203045685279672e-01
6.175349428208386504e-01
6.183206106870229313e-01
6.191082802547770436e-01
6.198979591836735192e-01
6.206896551724138122e-01
6.214833759590793205e-01
6.222791293213828512e-01
6.230769230769230838e-01
6.238767650834402545e-01
6.246786632390745053e-01
6.241956241956242435e-01
6.250000000000000000e-01
6.245161290322580605e-01
6.253229974160207094e-01
6.261319534282018262e-01
6.269430051813471572e-01
6.277561608300907814e-01
6.285714285714285587e-01
6.293888166449934651e-01
6.302083333333333703e-01
6.310299869621903701e-01
6.318537859007833379e-01
6.326797385620914760e-01
6.321989528795811664e-01
6.330275229357797961e-01
6.338582677165354173e-01
6.346911957950065464e-01
6.355263157894737169e-01
6.350461133069829067e-01
6.358839050131925852e-01
6.367239101717304672e-01
6.375661375661375585e-01
6.384105960264900848e-01
6.392572944297082449e-01
6.401062416998671845e-01
6.409574468085106336e-01
6.418109187749667655e-01
6.426666666666667194e-01
6.435246995994658992e-01
6.443850267379679364e-01
6.452476572958500967e-01
6.461126005361930158e-01
6.469798657718121015e-01
6.478494623655913776e-01
6.487213997308209912e-01
6.495956873315363866e-01
6.504723346828610309e-01
6.513513513513513598e-01
6.522327469553450552e-01
6.531165311653116534e-01
6.540027137042062622e-01
6.548913043478260532e-01
6.557823129251700855e-01
6.553133514986375641e-01
6.562073669849931568e-01
6.571038251366120297e-01
6.580027359781122076e-01
6.589041095890411093e-01
6.598079561042523578e-01
6.593406593406593297e-01
6.602475928473177103e-01
6.597796143250688194e-01
6.606896551724138478e-01
6.616022099447513849e-01
6.625172890733056486e-01
6.634349030470914066e-01
6.643550624133148785e-01
6.652777777777777457e-01
6.662030598052851582e-01
6.657381615598886304e-01
6.666666666666666297e-01
6.675977653631285369e-01
6.685314685314684979e-01
6.694677871148458914e-01
6.704067321178120986e-01
6.713483146067416030e-01
6.722925457102671976e-01
6.732394366197183011e-01
6.741889985895627158e-01
6.751412429378531588e-01
6.760961810466761257e-01
6.770538243626061936e-01
6.780141843971630999e-01
6.789772727272727071e-01
6.799431009957326300e-01
6.809116809116808611e-01
6.818830242510699469e-01
6.828571428571428292e-01
6.838340486409155705e-01
6.848137535816618549e-01
6.857962697274031516e-01
6.867816091954023205e-01
6.877697841726618799e-01
6.887608069164264935e-01
6.897546897546897871e-01
6.907514450867051625e-01
6.917510853835021623e-01
6.927536231884058315e-01
6.937590711175616320e-01
6.947674418604651292e-01
6.957787481804948992e-01
6.967930029154518756e-01
6.963503649635036652e-01
6.973684210526315264e-01
6.983894582723280120e-01
6.994134897360704262e-01
6.989720998531571139e-01
6.999999999999999556e-01
7.010309278350514983e-01
7.020648967551622599e-01
7.031019202363367748e-01
7.041420118343195700e-01
7.051851851851851372e-01
7.062314540059346779e-01
7.072808320950966232e-01
7.083333333333333703e-01
7.093889716840536819e-01
7.104477611940298587e-01
7.100149476831091322e-01
7.110778443113772163e-01
7.121439280359820323e-01
7.132132132132131819e-01
7.127819548872180722e-01
7.138554216867469826e-01
7.149321266968325927e-01
7.160120845921450483e-01
7.170953101361573490e-01
7.181818181818181435e-01
7.177541729893778255e-01
7.188449848024316413e-01
7.199391171993911875e-01
7.210365853658536883e-01
7.221374045801526309e-01
7.232415902140673092e-01
7.243491577335374743e-01
7.254601226993865337e-01
7.265745007680491918e-01
7.276923076923076383e-01
7.288135593220338437e-01
7.299382716049382935e-01
7.295208655332302561e-01
7.306501547987616085e-01
7.317829457364340984e-01
7.329192546583851442e-01
7.340590979782271042e-01
7.336448598130841381e-01
7.347893915756630312e-01
7.359375000000000222e-01
7.370892018779342525e-01
7.366771159874607733e-01
7.378335949764520674e-01
7.389937106918238463e-01
7.401574803149606474e-01
7.413249211356467416e-01
7.424960505529225596e-01
7.436708860759493334e-01
7.448494453248811764e-01
7.460317460317460458e-01
7.472178060413354750e-01
7.484076433121018557e-01
7.496012759170653794e-01
7.507987220447284171e-01
7.520000000000000018e-01
7.516025641025640969e-01
7.528089887640448952e-01
7.540192926045016231e-01
7.552334943639291698e-01
7.564516129032258229e-01
7.560581583198707767e-01
7.572815533980582492e-01
7.568881685575364893e-01
7.581168831168830780e-01
7.593495934959350047e-01
7.589576547231270398e-01
7.601957585644372184e-01
7.614379084967319855e-01
7.626841243862519937e-01
7.622950819672130729e-01
7.635467980295566059e-01
7.648026315789473450e-01
7.660626029654036273e-01
7.673267326732673421e-01
7.685950413223140432e-01
7.698675496688741626e-01
7.711442786069652167e-01
7.724252491694352241e-01
7.737104825291181154e-01
7.750000000000000222e-01
7.762938230383973348e-01
7.759197324414716102e-01
7.772194304857621416e-01
7.785234899328858926e-01
7.798319327731092487e-01
7.794612794612794104e-01
7.807757166947723038e-01
7.804054054054053724e-01
7.817258883248731083e-01
7.830508474576270972e-01
7.843803056027164322e-01
7.857142857142856984e-01
7.870528109028960273e-01
7.866894197952218892e-01
7.880341880341880101e-01
7.893835616438356073e-01
7.890222984562607067e-01
7.886597938144329634e-01
7.882960413080895012e-01
7.896551724137931272e-01
7.910189982728842439e-01
7.906574394463667943e-01
7.920277296360485053e-01
7.934027777777777901e-01
7.930434782608695166e-01
7.944250871080139609e-01
7.958115183246072810e-01
7.972027972027971865e-01
7.985989492119088817e-01
8.000000000000000444e-01
8.014059753954305698e-01
8.010563380281690016e-01
8.024691358024691468e-01
8.038869257950530534e-01
8.053097345132743667e-01
8.067375886524822404e-01
8.081705150976908891e-01
8.078291814946618743e-01
8.074866310160427885e-01
8.089285714285714413e-01
8.103756708407870990e-01
8.100358422939067937e-01
8.096947935368042915e-01
8.093525179856114748e-01
8.108108108108108558e-01
8.104693140794223538e-01
8.119349005424955079e-01
8.115942028985507761e-01
8.130671506352087352e-01
8.145454545454545725e-01
8.160291438979964118e-01
8.156934306569343374e-01
8.171846435100548200e-01
8.186813186813186594e-01
8.201834862385321001e-01
8.198529411764705621e-01
8.213627992633517616e-01
8.210332103321033026e-01
8.225508317929759450e-01
8.240740740740740700e-01
8.237476808905380699e-01
8.234200743494424213e-01
8.249534450651768713e-01
8.264925373134328623e-01
8.280373831775701410e-01
8.295880149812734361e-01
8.311444652908067665e-01
8.327067669172932840e-01
8.323917137476459782e-01
8.320754716981132448e-01
8.317580340264649763e-01
8.333333333333333703e-01
8.349146110056926418e-01
8.346007604562737381e-01
8.361904761904761507e-01
8.377862595419847125e-01
8.393881453154875549e-01
8.409961685823754696e-01
8.406909788867562572e-01
8.403846153846153966e-01
8.400770712909441107e-01
8.397683397683397555e-01
8.413926499032882145e-01
8.430232558139535426e-01
8.427184466019417286e-01
8.443579766536964959e-01
8.460038986354775359e-01
8.457031250000000000e-01
8.454011741682974090e-01
8.470588235294117530e-01
8.467583497053045027e-01
8.484251968503937480e-01
8.500986193293885718e-01
8.517786561264821810e-01
8.514851485148514643e-01
8.511904761904761640e-01
8.528827037773359931e-01
8.545816733067729265e-01
8.562874251497005762e-01
8.559999999999999831e-01
8.557114228456913496e-01
8.574297188755020116e-01
8.571428571428570953e-01
8.568548387096773800e-01
8.585858585858585634e-01
8.603238866396760720e-01
8.620689655172413257e-01
8.638211382113820669e-01
8.655804480651730914e-01
8.673469387755101678e-01
8.691206543967280318e-01
8.688524590163934080e-01
8.685831622176591882e-01
8.683127572016461349e-01
8.701030927835051720e-01
8.698347107438016979e-01
8.716356107660455654e-01
8.734439834024896321e-01
8.731808731808732293e-01
8.729166666666666741e-01
8.726513569937369708e-01
8.744769874476987503e-01
8.742138364779874493e-01
8.739495798319327768e-01
8.736842105263158409e-01
8.755274261603375185e-01
8.752642706131078532e-01
8.750000000000000000e-01
8.768577494692144647e-01
8.787234042553191404e-01
8.784648187633262717e-01
8.782051282051281937e-01
8.800856531049250364e-01
8.819742489270385732e-01
8.838709677419355204e-01
8.857758620689655249e-01
8.855291576673866016e-01
8.852813852813853357e-01
8.850325379609544907e-01
8.869565217391304213e-01
8.867102396514161544e-01
8.886462882096070048e-01
8.884026258205689475e-01
8.881578947368421462e-01
8.879120879120878662e-01
8.876651982378854777e-01
8.874172185430463378e-01
8.871681415929203451e-01
8.869179600886918369e-01
8.888888888888888395e-01
8.908685968819599621e-01
8.928571428571429047e-01
8.926174496644295742e-01
8.946188340807175177e-01
8.966292134831460592e-01
8.986486486486486847e-01
8.984198645598193700e-01
8.981900452488688069e-01
8.979591836734693855e-01
8.977272727272727071e-01
8.974943052391799458e-01
8.995433789954337955e-01
8.993135011441647508e-01
9.013761467889908063e-01
9.011494252873563093e-01
9.009216589861751556e-01
9.006928406466512271e-01
9.004629629629629095e-01
9.002320185614849368e-01
9.000000000000000222e-01
8.997668997668997193e-01
8.995327102803738484e-01
9.016393442622950838e-01
9.037558685446009932e-01
9.035294117647059142e-01
9.056603773584905870e-01
9.078014184397162900e-01
9.075829383886255819e-01
9.097387173396674909e-01
9.119047619047618847e-01
9.140811455847255296e-01
9.162679425837320091e-01
9.160671462829735878e-01
9.158653846153845812e-01
9.156626506024095891e-01
9.154589371980675905e-01
9.176755447941888910e-01
9.199029126213592589e-01
9.197080291970802790e-01
9.195121951219512590e-01
9.193154034229829019e-01
9.191176470588234837e-01
9.189189189189189699e-01
9.187192118226601423e-01
9.185185185185185119e-01
9.207920792079208328e-01
9.205955334987593330e-01
9.228855721393034450e-01
9.226932668329177467e-01
9.250000000000000444e-01
9.248120300751879741e-01
9.271356783919597611e-01
9.294710327455919519e-01
9.292929292929292817e-01
9.291139240506328667e-01
9.289340101522842730e-01
9.287531806615776375e-01
9.285714285714286031e-01
9.283887468030690426e-01
9.307692307692307931e-01
9.305912596401028081e-01
9.304123711340206437e-01
9.302325581395348708e-01
9.300518134715025642e-01
9.298701298701298468e-01
9.296875000000000000e-01
9.321148825065274091e-01
9.345549738219894875e-01
9.370078740157480324e-01
9.394736842105263497e-01
9.393139841688654679e-01
9.417989417989417467e-01
9.416445623342175608e-01
9.414893617021277139e-01
9.413333333333333552e-01
9.411764705882352811e-01
9.410187667560321323e-01
9.408602150537634934e-01
9.407008086253368928e-01
9.405405405405405928e-01
9.403794037940379491e-01
9.402173913043477826e-01
9.400544959128065425e-01
9.398907103825137055e-01
9.397260273972602995e-01
9.423076923076922906e-01
9.421487603305784830e-01
9.447513812154696433e-01
9.445983379501384780e-01
9.472222222222221877e-01
9.470752089136490470e-01
9.497206703910614500e-01
9.495798319327730663e-01
9.494382022471909988e-01
9.492957746478872805e-01
9.519774011299435568e-01
9.518413597733711429e-01
9.545454545454545858e-01
9.544159544159543929e-01
9.542857142857142927e-01
9.541547277936962557e-01
9.540229885057470716e-01
9.538904899135446369e-01
9.537572254335260347e-01
9.536231884057970731e-01
9.534883720930232842e-01
9.533527696793002715e-01
9.532163742690058506e-01
9.530791788856305402e-01
9.558823529411765163e-01
9.557522123893805732e-01
9.556213017751479244e-01
9.554896142433234596e-01
9.553571428571429047e-01
9.582089552238806096e-01
9.580838323353293440e-01
9.579579579579579063e-01
9.578313253012048500e-01
9.607250755287009003e-01
9.606060606060605744e-01
9.604863221884498703e-01
9.603658536585365502e-01
9.602446483180427927e-01
9.601226993865030757e-01
9.599999999999999645e-01
9.598765432098765871e-01
9.597523219814241280e-01
9.627329192546584258e-01
9.626168224299065379e-01
9.625000000000000222e-01
9.623824451410658565e-01
9.622641509433962348e-01
9.621451104100946505e-01
9.620253164556962222e-01
9.650793650793650924e-01
9.649681528662420460e-01
9.648562300319488694e-01
9.647435897435897578e-01
9.678456591639871265e-01
9.677419354838709964e-01
9.676375404530744850e-01
9.675324675324675772e-01
9.674267100977198552e-01
9.673202614379085018e-01
9.704918032786885584e-01
9.703947368421053099e-01
9.702970297029702706e-01
9.735099337748344128e-01
9.734219269102990513e-01
9.733333333333333837e-01
9.732441471571906533e-01
9.731543624161074213e-01
9.730639730639730756e-01
9.729729729729730270e-01
9.728813559322033733e-01
9.727891156462584732e-01
9.761092150170648241e-01
9.760273972602739878e-01
9.759450171821305586e-01
9.758620689655171931e-01
9.757785467128027301e-01
9.756944444444444198e-01
9.790940766550522145e-01
9.790209790209790652e-01
9.789473684210526772e-01
9.788732394366197465e-01
9.787985865724381229e-01
9.787234042553191182e-01
9.786476868327401712e-01
9.785714285714285365e-01
9.784946236559139976e-01
9.784172661870503829e-01
9.783393501805054404e-01
9.782608695652174058e-01
9.781818181818181523e-01
9.781021897810219246e-01
9.780219780219779890e-01
9.779411764705882026e-01
9.778597785977859447e-01
9.777777777777777457e-01
9.776951672862453924e-01
9.776119402985075091e-01
9.775280898876403946e-01
9.774436090225563367e-01
9.773584905660377409e-01
9.772727272727272929e-01
9.771863117870722704e-01
9.770992366412213359e-01
9.770114942528735913e-01
9.807692307692307265e-01
9.806949806949807336e-01
9.806201550387596555e-01
9.805447470817120204e-01
9.804687500000000000e-01
9.803921568627450567e-01
9.803149606299212948e-01
9.841897233201580830e-01
9.841269841269840724e-01
9.840637450199203329e-01
9.839999999999999858e-01
9.839357429718875725e-01
9.838709677419354982e-01
9.838056680161942902e-01
9.837398373983740063e-01
9.836734693877551283e-01
9.877049180327869271e-01
9.876543209876542662e-01
9.876033057851240082e-01
9.917012448132780378e-01
9.916666666666666963e-01
9.916317991631798945e-01
9.915966386554622147e-01
9.915611814345991482e-01
9.915254237288135819e-01
9.914893617021276473e-01
9.914529914529914834e-01
9.914163090128755851e-01
9.913793103448276245e-01
9.913419913419913021e-01
9.913043478260870067e-01
9.912663755458515080e-01
9.912280701754385692e-01
9.911894273127753729e-01
9.911504424778760924e-01
9.911111111111111649e-01
9.910714285714286031e-01
9.910313901345291221e-01
9.909909909909909720e-01
9.909502262443439236e-01
9.909090909090909616e-01
9.908675799086757996e-01
9.908256880733945504e-01
9.907834101382488878e-01
9.907407407407406996e-01
9.906976744186046790e-01
9.906542056074766345e-01
9.906103286384976281e-01
9.905660377358490587e-01
9.905213270142180226e-01
9.904761904761905100e-01
9.904306220095693281e-01
9.951923076923077094e-01
9.951690821256038433e-01
9.951456310679611672e-01
9.951219512195121908e-01
9.950980392156862919e-01
9.950738916256157696e-01
9.950495049504950451e-01
9.950248756218905699e-01
9.949999999999999956e-01
9.949748743718592747e-01
9.949494949494949170e-01
9.949238578680202894e-01
9.948979591836735192e-01
9.948717948717948900e-01
9.948453608247422864e-01
9.948186528497409142e-01
9.947916666666666297e-01
9.947643979057592123e-01
9.947368421052631415e-01
9.947089947089946538e-01
9.946808510638297518e-01
9.946524064171122781e-01
9.946236559139784994e-01
9.945945945945946498e-01
9.945652173913043237e-01
9.945355191256830540e-01
9.945054945054945250e-01
9.944751381215469754e-01
9.944444444444444642e-01
9.944134078212290007e-01
9.943820224719100986e-01
9.943502824858757583e-01
9.943181818181817677e-01
9.942857142857143282e-01
9.942528735632183423e-01
9.942196531791906988e-01
9.941860465116278966e-01
9.941520467836256758e-01
1.000000000000000000e+00
1.000000000000000000e+00
1.000000000000000000e+00
1.000000000000000000e+00
1.000000000000000000e+00
1.000000000000000000e+00
1.000000000000000000e+00
1.000000000000000000e+00
1.000000000000000000e+00
1.000000000000000000e+00
1.000000000000000000e+00
1.000000000000000000e+00
1.000000000000000000e+00
1.000000000000000000e+00
1.000000000000000000e+00
1.000000000000000000e+00
1.000000000000000000e+00
1.000000000000000000e+00
1.000000000000000000e+00
1.000000000000000000e+00
1.000000000000000000e+00
1.000000000000000000e+00
1.000000000000000000e+00
1.000000000000000000e+00
1.000000000000000000e+00
1.000000000000000000e+00
1.000000000000000000e+00
1.000000000000000000e+00
1.000000000000000000e+00
1.000000000000000000e+00
1.000000000000000000e+00
1.000000000000000000e+00
1.000000000000000000e+00
1.000000000000000000e+00
1.000000000000000000e+00
1.000000000000000000e+00
1.000000000000000000e+00
1.000000000000000000e+00
1.000000000000000000e+00
1.000000000000000000e+00
1.000000000000000000e+00
1.000000000000000000e+00
1.000000000000000000e+00
1.000000000000000000e+00
1.000000000000000000e+00
1.000000000000000000e+00
1.000000000000000000e+00
1.000000000000000000e+00
1.000000000000000000e+00
1.000000000000000000e+00
1.000000000000000000e+00
1.000000000000000000e+00
1.000000000000000000e+00
1.000000000000000000e+00
1.000000000000000000e+00
1.000000000000000000e+00
1.000000000000000000e+00
1.000000000000000000e+00
1.000000000000000000e+00
1.000000000000000000e+00
1.000000000000000000e+00
1.000000000000000000e+00
1.000000000000000000e+00
1.000000000000000000e+00
1.000000000000000000e+00
1.000000000000000000e+00
1.000000000000000000e+00
1.000000000000000000e+00
1.000000000000000000e+00
1.000000000000000000e+00
1.000000000000000000e+00
1.000000000000000000e+00
1.000000000000000000e+00
1.000000000000000000e+00
1.000000000000000000e+00
1.000000000000000000e+00
1.000000000000000000e+00
1.000000000000000000e+00
1.000000000000000000e+00
1.000000000000000000e+00
1.000000000000000000e+00
1.000000000000000000e+00
1.000000000000000000e+00
1.000000000000000000e+00
1.000000000000000000e+00
1.000000000000000000e+00
1.000000000000000000e+00
1.000000000000000000e+00
1.000000000000000000e+00
1.000000000000000000e+00
1.000000000000000000e+00
1.000000000000000000e+00
1.000000000000000000e+00
1.000000000000000000e+00
1.000000000000000000e+00
1.000000000000000000e+00
1.000000000000000000e+00
1.000000000000000000e+00
1.000000000000000000e+00
1.000000000000000000e+00
1.000000000000000000e+00
1.000000000000000000e+00
1.000000000000000000e+00
1.000000000000000000e+00
1.000000000000000000e+00
1.000000000000000000e+00
1.000000000000000000e+00
1.000000000000000000e+00
1.000000000000000000e+00
1.000000000000000000e+00
1.000000000000000000e+00
1.000000000000000000e+00
1.000000000000000000e+00
1.000000000000000000e+00
1.000000000000000000e+00
1.000000000000000000e+00
1.000000000000000000e+00
1.000000000000000000e+00
1.000000000000000000e+00
1.000000000000000000e+00
1.000000000000000000e+00
1.000000000000000000e+00
1.000000000000000000e+00
1.000000000000000000e+00
1.000000000000000000e+00
1.000000000000000000e+00
1.000000000000000000e+00
1.000000000000000000e+00
1.000000000000000000e+00
1.000000000000000000e+00
1.000000000000000000e+00
1.000000000000000000e+00
1.000000000000000000e+00
1.000000000000000000e+00
1.000000000000000000e+00
1.000000000000000000e+00
1.000000000000000000e+00
1.000000000000000000e+00
1.000000000000000000e+00
1.000000000000000000e+00
1.000000000000000000e+00
1.000000000000000000e+00
1.000000000000000000e+00
1.000000000000000000e+00
1.000000000000000000e+00
1.000000000000000000e+00
1.000000000000000000e+00
1.000000000000000000e+00
1.000000000000000000e+00
1.000000000000000000e+00
1.000000000000000000e+00
1.000000000000000000e+00
1.000000000000000000e+00
1.000000000000000000e+00
1.000000000000000000e+00
1.000000000000000000e+00
1.000000000000000000e+00
1.000000000000000000e+00
1.000000000000000000e+00
1.000000000000000000e+00
1.000000000000000000e+00
1.000000000000000000e+00
1.000000000000000000e+00
1.000000000000000000e+00
1.000000000000000000e+00
1.000000000000000000e+00
1.000000000000000000e+00
1.000000000000000000e+00
1.000000000000000000e+00
1.000000000000000000e+00
1.000000000000000000e+00
