1.000000000000000000e+00
9.979757085020243279e-01
9.979757085020243279e-01
9.979757085020243279e-01
9.979757085020243279e-01
9.979757085020243279e-01
9.979757085020243279e-01
9.979757085020243279e-01
9.979757085020243279e-01
9.979757085020243279e-01
9.979757085020243279e-01
9.979757085020243279e-01
9.979757085020243279e-01
9.979757085020243279e-01
9.979757085020243279e-01
9.979757085020243279e-01
9.979757085020243279e-01
9.979757085020243279e-01
9.979757085020243279e-01
9.979757085020243279e-01
9.979757085020243279e-01
9.979757085020243279e-01
9.979757085020243279e-01
9.979757085020243279e-01
9.979757085020243279e-01
9.979757085020243279e-01
9.979757085020243279e-01
9.979757085020243279e-01
9.979757085020243279e-01
9.979757085020243279e-01
9.979757085020243279e-01
9.979757085020243279e-01
9.979757085020243279e-01
9.979757085020243279e-01
9.979757085020243279e-01
9.979757085020243279e-01
9.979757085020243279e-01
9.979757085020243279e-01
9.979757085020243279e-01
9.979757085020243279e-01
9.979757085020243279e-01
9.979757085020243279e-01
9.979757085020243279e-01
9.979757085020243279e-01
9.979757085020243279e-01
9.979757085020243279e-01
9.979757085020243279e-01
9.979757085020243279e-01
9.979757085020243279e-01
9.979757085020243279e-01
9.979757085020243279e-01
9.979757085020243279e-01
9.979757085020243279e-01
9.979757085020243279e-01
9.979757085020243279e-01
9.959514170040485448e-01
9.959514170040485448e-01
9.959514170040485448e-01
9.959514170040485448e-01
9.959514170040485448e-01
9.959514170040485448e-01
9.959514170040485448e-01
9.959514170040485448e-01
9.959514170040485448e-01
9.959514170040485448e-01
9.939271255060728727e-01
9.939271255060728727e-01
9.939271255060728727e-01
9.939271255060728727e-01
9.939271255060728727e-01
9.939271255060728727e-01
9.939271255060728727e-01
9.939271255060728727e-01
9.939271255060728727e-01
9.939271255060728727e-01
9.939271255060728727e-01
9.939271255060728727e-01
9.939271255060728727e-01
9.939271255060728727e-01
9.939271255060728727e-01
9.939271255060728727e-01
9.939271255060728727e-01
9.939271255060728727e-01
9.939271255060728727e-01
9.939271255060728727e-01
9.939271255060728727e-01
9.939271255060728727e-01
9.939271255060728727e-01
9.939271255060728727e-01
9.939271255060728727e-01
9.939271255060728727e-01
9.939271255060728727e-01
9.939271255060728727e-01
9.939271255060728727e-01
9.939271255060728727e-01
9.939271255060728727e-01
9.939271255060728727e-01
9.939271255060728727e-01
9.939271255060728727e-01
9.939271255060728727e-01
9.939271255060728727e-01
9.919028340080972006e-01
9.919028340080972006e-01
9.919028340080972006e-01
9.919028340080972006e-01
9.919028340080972006e-01
9.919028340080972006e-01
9.919028340080972006e-01
9.919028340080972006e-01
9.919028340080972006e-01
9.919028340080972006e-01
9.919028340080972006e-01
9.898785425101214175e-01
9.898785425101214175e-01
9.898785425101214175e-01
9.898785425101214175e-01
9.898785425101214175e-01
9.898785425101214175e-01
9.898785425101214175e-01
9.898785425101214175e-01
9.898785425101214175e-01
9.898785425101214175e-01
9.898785425101214175e-01
9.898785425101214175e-01
9.898785425101214175e-01
9.898785425101214175e-01
9.898785425101214175e-01
9.898785425101214175e-01
9.898785425101214175e-01
9.898785425101214175e-01
9.898785425101214175e-01
9.898785425101214175e-01
9.878542510121457454e-01
9.878542510121457454e-01
9.878542510121457454e-01
9.878542510121457454e-01
9.878542510121457454e-01
9.878542510121457454e-01
9.878542510121457454e-01
9.878542510121457454e-01
9.878542510121457454e-01
9.878542510121457454e-01
9.878542510121457454e-01
9.878542510121457454e-01
9.878542510121457454e-01
9.878542510121457454e-01
9.878542510121457454e-01
9.878542510121457454e-01
9.878542510121457454e-01
9.878542510121457454e-01
9.878542510121457454e-01
9.878542510121457454e-01
9.858299595141700733e-01
9.858299595141700733e-01
9.838056680161942902e-01
9.838056680161942902e-01
9.838056680161942902e-01
9.817813765182186181e-01
9.797570850202429460e-01
9.797570850202429460e-01
9.797570850202429460e-01
9.797570850202429460e-01
9.797570850202429460e-01
9.777327935222671629e-01
9.777327935222671629e-01
9.757085020242914908e-01
9.736842105263158187e-01
9.736842105263158187e-01
9.736842105263158187e-01
9.736842105263158187e-01
9.736842105263158187e-01
9.736842105263158187e-01
9.716599190283400356e-01
9.696356275303643635e-01
9.696356275303643635e-01
9.696356275303643635e-01
9.696356275303643635e-01
9.696356275303643635e-01
9.696356275303643635e-01
9.696356275303643635e-01
9.696356275303643635e-01
9.676113360323886914e-01
9.676113360323886914e-01
9.676113360323886914e-01
9.655870445344129083e-01
9.635627530364372362e-01
9.615384615384615641e-01
9.615384615384615641e-01
9.615384615384615641e-01
9.615384615384615641e-01
9.615384615384615641e-01
9.615384615384615641e-01
9.615384615384615641e-01
9.615384615384615641e-01
9.615384615384615641e-01
9.615384615384615641e-01
9.595141700404857810e-01
9.595141700404857810e-01
9.595141700404857810e-01
9.595141700404857810e-01
9.574898785425101089e-01
9.574898785425101089e-01
9.554655870445344368e-01
9.554655870445344368e-01
9.554655870445344368e-01
9.554655870445344368e-01
9.554655870445344368e-01
9.554655870445344368e-01
9.554655870445344368e-01
9.554655870445344368e-01
9.554655870445344368e-01
9.534412955465586537e-01
9.514170040485829816e-01
9.514170040485829816e-01
9.514170040485829816e-01
9.514170040485829816e-01
9.514170040485829816e-01
9.514170040485829816e-01
9.514170040485829816e-01
9.493927125506073095e-01
9.493927125506073095e-01
9.493927125506073095e-01
9.493927125506073095e-01
9.473684210526315264e-01
9.473684210526315264e-01
9.473684210526315264e-01
9.473684210526315264e-01
9.473684210526315264e-01
9.473684210526315264e-01
9.453441295546558543e-01
9.433198380566801822e-01
9.433198380566801822e-01
9.433198380566801822e-01
9.433198380566801822e-01
9.412955465587043991e-01
9.392712550607287270e-01
9.392712550607287270e-01
9.392712550607287270e-01
9.372469635627530549e-01
9.372469635627530549e-01
9.372469635627530549e-01
9.372469635627530549e-01
9.372469635627530549e-01
9.352226720647773828e-01
9.352226720647773828e-01
9.352226720647773828e-01
9.331983805668015997e-01
9.331983805668015997e-01
9.311740890688259276e-01
9.311740890688259276e-01
9.311740890688259276e-01
9.311740890688259276e-01
9.311740890688259276e-01
9.311740890688259276e-01
9.311740890688259276e-01
9.291497975708502555e-01
9.291497975708502555e-01
9.291497975708502555e-01
9.271255060728744724e-01
9.251012145748988003e-01
9.251012145748988003e-01
9.251012145748988003e-01
9.251012145748988003e-01
9.251012145748988003e-01
9.251012145748988003e-01
9.251012145748988003e-01
9.251012145748988003e-01
9.251012145748988003e-01
9.251012145748988003e-01
9.251012145748988003e-01
9.251012145748988003e-01
9.251012145748988003e-01
9.230769230769231282e-01
9.230769230769231282e-01
9.230769230769231282e-01
9.230769230769231282e-01
9.230769230769231282e-01
9.230769230769231282e-01
9.210526315789473450e-01
9.210526315789473450e-01
9.190283400809716730e-01
9.170040485829960009e-01
9.170040485829960009e-01
9.170040485829960009e-01
9.170040485829960009e-01
9.170040485829960009e-01
9.170040485829960009e-01
9.170040485829960009e-01
9.170040485829960009e-01
9.149797570850202177e-01
9.149797570850202177e-01
9.149797570850202177e-01
9.149797570850202177e-01
9.149797570850202177e-01
9.149797570850202177e-01
9.129554655870445457e-01
9.129554655870445457e-01
9.129554655870445457e-01
9.129554655870445457e-01
9.109311740890688736e-01
9.109311740890688736e-01
9.109311740890688736e-01
9.109311740890688736e-01
9.109311740890688736e-01
9.109311740890688736e-01
9.109311740890688736e-01
9.089068825910930904e-01
9.089068825910930904e-01
9.089068825910930904e-01
9.068825910931174183e-01
9.048582995951417463e-01
9.048582995951417463e-01
9.048582995951417463e-01
9.048582995951417463e-01
9.048582995951417463e-01
9.048582995951417463e-01
9.048582995951417463e-01
9.048582995951417463e-01
9.048582995951417463e-01
9.028340080971659631e-01
9.028340080971659631e-01
9.008097165991902910e-01
9.008097165991902910e-01
8.987854251012146189e-01
8.987854251012146189e-01
8.987854251012146189e-01
8.967611336032388358e-01
8.947368421052631637e-01
8.947368421052631637e-01
8.947368421052631637e-01
8.947368421052631637e-01
8.947368421052631637e-01
8.947368421052631637e-01
8.947368421052631637e-01
8.947368421052631637e-01
8.947368421052631637e-01
8.947368421052631637e-01
8.947368421052631637e-01
8.947368421052631637e-01
8.927125506072874916e-01
8.927125506072874916e-01
8.906882591093117085e-01
8.906882591093117085e-01
8.906882591093117085e-01
8.906882591093117085e-01
8.906882591093117085e-01
8.906882591093117085e-01
8.886639676113360364e-01
8.886639676113360364e-01
8.866396761133603643e-01
8.866396761133603643e-01
8.866396761133603643e-01
8.866396761133603643e-01
8.846153846153845812e-01
8.846153846153845812e-01
8.846153846153845812e-01
8.846153846153845812e-01
8.846153846153845812e-01
8.846153846153845812e-01
8.846153846153845812e-01
8.846153846153845812e-01
8.825910931174089091e-01
8.825910931174089091e-01
8.825910931174089091e-01
8.805668016194332370e-01
8.805668016194332370e-01
8.805668016194332370e-01
8.805668016194332370e-01
8.805668016194332370e-01
8.805668016194332370e-01
8.805668016194332370e-01
8.785425101214574539e-01
8.785425101214574539e-01
8.785425101214574539e-01
8.765182186234817818e-01
8.765182186234817818e-01
8.765182186234817818e-01
8.765182186234817818e-01
8.765182186234817818e-01
8.765182186234817818e-01
8.765182186234817818e-01
8.765182186234817818e-01
8.765182186234817818e-01
8.744939271255061097e-01
8.744939271255061097e-01
8.744939271255061097e-01
8.744939271255061097e-01
8.744939271255061097e-01
8.744939271255061097e-01
8.724696356275303266e-01
8.724696356275303266e-01
8.704453441295546545e-01
8.704453441295546545e-01
8.704453441295546545e-01
8.684210526315789824e-01
8.684210526315789824e-01
8.684210526315789824e-01
8.663967611336031993e-01
8.643724696356275272e-01
8.643724696356275272e-01
8.623481781376518551e-01
8.623481781376518551e-01
8.623481781376518551e-01
8.623481781376518551e-01
8.603238866396760720e-01
8.603238866396760720e-01
8.603238866396760720e-01
8.603238866396760720e-01
8.603238866396760720e-01
8.582995951417003999e-01
8.582995951417003999e-01
8.582995951417003999e-01
8.562753036437247278e-01
8.542510121457489447e-01
8.542510121457489447e-01
8.542510121457489447e-01
8.522267206477732726e-01
8.522267206477732726e-01
8.502024291497976005e-01
8.502024291497976005e-01
8.481781376518218174e-01
8.461538461538461453e-01
8.461538461538461453e-01
8.441295546558704732e-01
8.441295546558704732e-01
8.421052631578946901e-01
8.421052631578946901e-01
8.421052631578946901e-01
8.400809716599190180e-01
8.400809716599190180e-01
8.380566801619433459e-01
8.380566801619433459e-01
8.380566801619433459e-01
8.360323886639675628e-01
8.360323886639675628e-01
8.340080971659918907e-01
8.340080971659918907e-01
8.340080971659918907e-01
8.340080971659918907e-01
8.340080971659918907e-01
8.319838056680162186e-01
8.319838056680162186e-01
8.319838056680162186e-01
8.319838056680162186e-01
8.299595141700404355e-01
8.299595141700404355e-01
8.279352226720647634e-01
8.279352226720647634e-01
8.279352226720647634e-01
8.259109311740890913e-01
8.259109311740890913e-01
8.259109311740890913e-01
8.259109311740890913e-01
8.259109311740890913e-01
8.259109311740890913e-01
8.259109311740890913e-01
8.259109311740890913e-01
8.238866396761133082e-01
8.218623481781376361e-01
8.218623481781376361e-01
8.198380566801619640e-01
8.198380566801619640e-01
8.178137651821861809e-01
8.178137651821861809e-01
8.178137651821861809e-01
8.178137651821861809e-01
8.178137651821861809e-01
8.178137651821861809e-01
8.157894736842105088e-01
8.137651821862348367e-01
8.137651821862348367e-01
8.117408906882591646e-01
8.097165991902833815e-01
8.097165991902833815e-01
8.097165991902833815e-01
8.076923076923077094e-01
8.056680161943320373e-01
8.036437246963562542e-01
8.036437246963562542e-01
8.016194331983805821e-01
8.016194331983805821e-01
7.995951417004049100e-01
7.975708502024291269e-01
7.975708502024291269e-01
7.955465587044534548e-01
7.955465587044534548e-01
7.955465587044534548e-01
7.935222672064777827e-01
7.914979757085019996e-01
7.894736842105263275e-01
7.874493927125506554e-01
7.854251012145748723e-01
7.834008097165992002e-01
7.834008097165992002e-01
7.813765182186235281e-01
7.813765182186235281e-01
7.793522267206477450e-01
7.793522267206477450e-01
7.773279352226720729e-01
7.773279352226720729e-01
7.753036437246964008e-01
7.732793522267206177e-01
7.712550607287449456e-01
7.692307692307692735e-01
7.672064777327934904e-01
7.651821862348178183e-01
7.631578947368421462e-01
7.611336032388663630e-01
7.591093117408906910e-01
7.570850202429150189e-01
7.550607287449392357e-01
7.530364372469635637e-01
7.530364372469635637e-01
7.510121457489878916e-01
7.489878542510121084e-01
7.469635627530364363e-01
7.469635627530364363e-01
7.449392712550607643e-01
7.429149797570849811e-01
7.429149797570849811e-01
7.408906882591093090e-01
7.388663967611336370e-01
7.368421052631578538e-01
7.348178137651821817e-01
7.327935222672065096e-01
7.327935222672065096e-01
7.327935222672065096e-01
7.307692307692307265e-01
7.287449392712550544e-01
7.267206477732793823e-01
7.267206477732793823e-01
7.246963562753035992e-01
7.226720647773279271e-01
7.206477732793522550e-01
7.186234817813764719e-01
7.165991902834007998e-01
7.145748987854251277e-01
7.145748987854251277e-01
7.145748987854251277e-01
7.125506072874493446e-01
7.105263157894736725e-01
7.085020242914980004e-01
7.064777327935222173e-01
7.044534412955465452e-01
7.024291497975708731e-01
7.004048582995950900e-01
7.004048582995950900e-01
7.004048582995950900e-01
6.983805668016194179e-01
6.963562753036437458e-01
6.943319838056679627e-01
6.943319838056679627e-01
6.923076923076922906e-01
6.902834008097166185e-01
6.882591093117408354e-01
6.862348178137651633e-01
6.842105263157894912e-01
6.821862348178138191e-01
6.801619433198380360e-01
6.781376518218623639e-01
6.761133603238866918e-01
6.761133603238866918e-01
6.761133603238866918e-01
6.740890688259109087e-01
6.720647773279352366e-01
6.700404858299595645e-01
6.700404858299595645e-01
6.700404858299595645e-01
6.680161943319837814e-01
6.680161943319837814e-01
6.659919028340081093e-01
6.659919028340081093e-01
6.639676113360324372e-01
6.619433198380566541e-01
6.599190283400809820e-01
6.578947368421053099e-01
6.578947368421053099e-01
6.558704453441295268e-01
6.558704453441295268e-01
6.538461538461538547e-01
6.518218623481781826e-01
6.497975708502023995e-01
6.497975708502023995e-01
6.497975708502023995e-01
6.477732793522267274e-01
6.457489878542510553e-01
6.457489878542510553e-01
6.437246963562752722e-01
6.417004048582996001e-01
6.396761133603239280e-01
6.376518218623481449e-01
6.356275303643724728e-01
6.336032388663968007e-01
6.336032388663968007e-01
6.315789473684210176e-01
6.295546558704453455e-01
6.275303643724696734e-01
6.255060728744938903e-01
6.255060728744938903e-01
6.234817813765182182e-01
6.214574898785425461e-01
6.194331983805667630e-01
6.194331983805667630e-01
6.174089068825910909e-01
6.153846153846154188e-01
6.153846153846154188e-01
6.133603238866396357e-01
6.113360323886639636e-01
6.093117408906882915e-01
6.072874493927125084e-01
6.052631578947368363e-01
6.032388663967611642e-01
6.012145748987853811e-01
6.012145748987853811e-01
5.991902834008097090e-01
5.971659919028340369e-01
5.951417004048582537e-01
5.931174089068825817e-01
5.910931174089069096e-01
5.890688259109311264e-01
5.870445344129554543e-01
5.850202429149797823e-01
5.829959514170039991e-01
5.829959514170039991e-01
5.829959514170039991e-01
5.809716599190283270e-01
5.789473684210526550e-01
5.769230769230768718e-01
5.748987854251011997e-01
5.728744939271255276e-01
5.728744939271255276e-01
5.708502024291497445e-01
5.688259109311740724e-01
5.668016194331984003e-01
5.668016194331984003e-01
5.647773279352226172e-01
5.627530364372469451e-01
5.607287449392712730e-01
5.587044534412956009e-01
5.566801619433198178e-01
5.546558704453441457e-01
5.526315789473684736e-01
5.506072874493926905e-01
5.485829959514170184e-01
5.465587044534413463e-01
5.445344129554655632e-01
5.445344129554655632e-01
5.425101214574898911e-01
5.404858299595142190e-01
5.384615384615384359e-01
5.364372469635627638e-01
5.344129554655870917e-01
5.323886639676113086e-01
5.303643724696356365e-01
5.283400809716599644e-01
5.263157894736841813e-01
5.242914979757085092e-01
5.222672064777328371e-01
5.202429149797570540e-01
5.182186234817813819e-01
5.161943319838057098e-01
5.141700404858299267e-01
5.121457489878542546e-01
5.101214574898785825e-01
5.080971659919027994e-01
5.060728744939271273e-01
5.040485829959514552e-01
5.020242914979756721e-01
5.000000000000000000e-01
4.979757085020242724e-01
4.959514170040486003e-01
4.939271255060728727e-01
4.919028340080971451e-01
4.898785425101214730e-01
4.878542510121457454e-01
4.858299595141700178e-01
4.838056680161943457e-01
4.817813765182186181e-01
4.797570850202428905e-01
4.797570850202428905e-01
4.777327935222672184e-01
4.777327935222672184e-01
4.757085020242914908e-01
4.736842105263157632e-01
4.716599190283400911e-01
4.696356275303643635e-01
4.676113360323886914e-01
4.655870445344129638e-01
4.635627530364372362e-01
4.615384615384615641e-01
4.595141700404858365e-01
4.574898785425101089e-01
4.554655870445344368e-01
4.534412955465587092e-01
4.514170040485829816e-01
4.493927125506073095e-01
4.473684210526315819e-01
4.453441295546558543e-01
4.433198380566801822e-01
4.412955465587044546e-01
4.392712550607287270e-01
4.372469635627530549e-01
4.352226720647773273e-01
4.331983805668015997e-01
4.311740890688259276e-01
4.291497975708502000e-01
4.271255060728744724e-01
4.251012145748988003e-01
4.230769230769230727e-01
4.210526315789473450e-01
4.190283400809716730e-01
4.170040485829959453e-01
4.149797570850202177e-01
4.129554655870445457e-01
4.109311740890688180e-01
4.089068825910930904e-01
4.068825910931174183e-01
4.048582995951416907e-01
4.028340080971660186e-01
4.008097165991902910e-01
3.987854251012145634e-01
3.987854251012145634e-01
3.967611336032388913e-01
3.947368421052631637e-01
3.927125506072874361e-01
3.906882591093117640e-01
3.886639676113360364e-01
3.866396761133603088e-01
3.846153846153846367e-01
3.825910931174089091e-01
3.805668016194331815e-01
3.785425101214575094e-01
3.765182186234817818e-01
3.744939271255060542e-01
3.724696356275303821e-01
3.704453441295546545e-01
3.684210526315789269e-01
3.663967611336032548e-01
3.643724696356275272e-01
3.623481781376517996e-01
3.603238866396761275e-01
3.582995951417003999e-01
3.562753036437246723e-01
3.542510121457490002e-01
3.522267206477732726e-01
3.502024291497975450e-01
3.481781376518218729e-01
3.461538461538461453e-01
3.441295546558704177e-01
3.421052631578947456e-01
3.400809716599190180e-01
3.380566801619433459e-01
3.360323886639676183e-01
3.340080971659918907e-01
3.319838056680162186e-01
3.299595141700404910e-01
3.279352226720647634e-01
3.259109311740890913e-01
3.238866396761133637e-01
3.218623481781376361e-01
3.198380566801619640e-01
3.178137651821862364e-01
3.157894736842105088e-01
3.137651821862348367e-01
3.117408906882591091e-01
3.097165991902833815e-01
3.076923076923077094e-01
3.056680161943319818e-01
3.036437246963562542e-01
3.016194331983805821e-01
2.995951417004048545e-01
2.975708502024291269e-01
2.955465587044534548e-01
2.935222672064777272e-01
2.914979757085019996e-01
2.894736842105263275e-01
2.874493927125505999e-01
2.854251012145748723e-01
2.834008097165992002e-01
2.813765182186234726e-01
2.793522267206478005e-01
2.773279352226720729e-01
2.753036437246963453e-01
2.732793522267206732e-01
2.712550607287449456e-01
2.692307692307692180e-01
2.672064777327935459e-01
2.651821862348178183e-01
2.631578947368420907e-01
2.611336032388664186e-01
2.591093117408906910e-01
2.570850202429149634e-01
2.550607287449392913e-01
2.530364372469635637e-01
2.510121457489878360e-01
2.489878542510121362e-01
2.469635627530364363e-01
2.449392712550607365e-01
2.429149797570850089e-01
2.408906882591093090e-01
2.388663967611336092e-01
2.368421052631578816e-01
2.348178137651821817e-01
2.327935222672064819e-01
2.307692307692307820e-01
2.287449392712550544e-01
2.267206477732793546e-01
2.246963562753036547e-01
2.226720647773279271e-01
2.206477732793522273e-01
2.186234817813765274e-01
2.165991902834007998e-01
2.145748987854251000e-01
2.125506072874494001e-01
2.105263157894736725e-01
2.085020242914979727e-01
2.064777327935222728e-01
2.044534412955465452e-01
2.024291497975708454e-01
2.004048582995951455e-01
1.983805668016194457e-01
1.963562753036437181e-01
1.943319838056680182e-01
1.923076923076923184e-01
1.902834008097165908e-01
1.882591093117408909e-01
1.862348178137651911e-01
1.842105263157894635e-01
1.821862348178137636e-01
1.801619433198380638e-01
1.781376518218623362e-01
1.761133603238866363e-01
1.740890688259109365e-01
1.720647773279352089e-01
1.700404858299595090e-01
1.680161943319838092e-01
1.659919028340081093e-01
1.639676113360323817e-01
1.619433198380566818e-01
1.599190283400809820e-01
1.578947368421052544e-01
1.558704453441295545e-01
1.538461538461538547e-01
1.518218623481781271e-01
1.497975708502024272e-01
1.477732793522267274e-01
1.457489878542509998e-01
1.437246963562752999e-01
1.417004048582996001e-01
1.396761133603239002e-01
1.376518218623481726e-01
1.356275303643724728e-01
1.336032388663967729e-01
1.315789473684210453e-01
1.295546558704453455e-01
1.275303643724696456e-01
1.255060728744939180e-01
1.234817813765182182e-01
1.214574898785425044e-01
1.194331983805668046e-01
1.174089068825910909e-01
1.153846153846153910e-01
1.133603238866396773e-01
1.113360323886639636e-01
1.093117408906882637e-01
1.072874493927125500e-01
1.052631578947368363e-01
1.032388663967611364e-01
1.012145748987854227e-01
9.919028340080972284e-02
9.716599190283400911e-02
9.514170040485829538e-02
9.311740890688259553e-02
9.109311740890688180e-02
8.906882591093116808e-02
8.704453441295546823e-02
8.502024291497975450e-02
8.299595141700405465e-02
8.097165991902834092e-02
7.894736842105262720e-02
7.692307692307692735e-02
7.489878542510121362e-02
7.287449392712549989e-02
7.085020242914980004e-02
6.882591093117408632e-02
6.680161943319838647e-02
6.477732793522267274e-02
6.275303643724695901e-02
6.072874493927125222e-02
5.870445344129554543e-02
5.668016194331983865e-02
5.465587044534413186e-02
5.263157894736841813e-02
5.060728744939271134e-02
4.858299595141700455e-02
4.655870445344129777e-02
4.453441295546558404e-02
4.251012145748987725e-02
4.048582995951417046e-02
3.846153846153846367e-02
3.643724696356274995e-02
3.441295546558704316e-02
3.238866396761133637e-02
3.036437246963562611e-02
2.834008097165991932e-02
2.631578947368420907e-02
2.429149797570850228e-02
2.226720647773279202e-02
2.024291497975708523e-02
1.821862348178137497e-02
1.619433198380566818e-02
1.417004048582995966e-02
1.214574898785425114e-02
1.012145748987854262e-02
8.097165991902834092e-03
6.072874493927125569e-03
4.048582995951417046e-03
2.024291497975708523e-03
0.000000000000000000e+00
