6.414590747330960463e-01
6.413793103448275357e-01
6.415220293724966938e-01
6.416648119296683994e-01
6.418076580587711577e-01
6.419505678022712214e-01
6.420935412026725908e-01
6.422365783025172359e-01
6.423796791443849852e-01
6.425228437708937479e-01
6.426660722246990698e-01
6.428093645484950214e-01
6.429527207850134207e-01
6.430961409770242776e-01
6.432396251673360155e-01
6.433831733987949164e-01
6.435267857142856762e-01
6.436704621567314044e-01
6.438142027690932911e-01
6.439580075943712734e-01
6.441018766756032576e-01
6.442458100558658973e-01
6.443898077782744815e-01
6.445338698859826021e-01
6.446779964221824866e-01
6.448221874301051093e-01
6.449664429530200804e-01
6.451107630342358679e-01
6.453995970449966091e-01
6.455441110613524547e-01
6.456886898096304561e-01
6.458333333333333703e-01
6.459780416760027011e-01
6.462676529926025815e-01
6.464125560538116488e-01
6.465575241085445013e-01
6.467025572005383749e-01
6.468476553735696966e-01
6.469928186714541951e-01
6.471380471380471233e-01
6.472833408172429248e-01
6.474286997529755672e-01
6.475741239892183199e-01
6.477196135699843094e-01
6.478651685393258530e-01
6.480107889413351252e-01
6.481564748201439352e-01
6.483022262199235053e-01
6.484480431848852477e-01
6.485939257592800988e-01
6.487398739873987408e-01
6.488858879135719349e-01
6.490319675821701884e-01
6.491781130376041986e-01
6.493243243243242979e-01
6.494706014868213417e-01
6.496169445696259315e-01
6.497633536173089697e-01
6.499098286744815489e-01
6.500563697857948409e-01
6.502029769959404293e-01
6.503496503496503101e-01
6.504963898916967802e-01
6.506431956668923267e-01
6.507900677200902928e-01
6.509370060961842119e-01
6.510840108401083626e-01
6.512310819968375464e-01
6.513782196113873102e-01
6.515254237288136130e-01
6.516726943942133810e-01
6.518200316527243965e-01
6.519674355495250762e-01
6.521149061298349148e-01
6.522624434389140413e-01
6.524100475220637740e-01
6.525577184246265094e-01
6.527054561919855002e-01
6.528532608695651884e-01
6.530011325028312053e-01
6.531490711372904823e-01
6.532970768184908072e-01
6.534451495920217123e-01
6.535932895035139190e-01
6.537414965986394488e-01
6.538897709231118460e-01
6.540381125226860659e-01
6.541865214431585862e-01
6.543349977303676290e-01
6.544835414301929388e-01
6.546321525885558934e-01
6.547808312514195039e-01
6.549295774647887480e-01
6.550783912747103477e-01
6.552272727272727693e-01
6.553762218686065566e-01
6.555252387448839979e-01
6.556743234023197919e-01
6.558234758871701597e-01
6.559726962457337329e-01
6.561219845243514426e-01
6.562713407694058532e-01
6.564207650273223837e-01
6.565702573445684198e-01
6.567198177676537574e-01
6.568694463431306030e-01
6.570191431175934627e-01
6.571689081376794750e-01
6.573187414500684111e-01
6.574686431014823418e-01
6.576186131386860811e-01
6.577686516084872981e-01
6.579187585577361830e-01
6.580689340333256698e-01
6.582191780821917693e-01
6.583694907513131245e-01
6.585198720877112333e-01
6.586703221384510032e-01
6.588208409506398633e-01
6.589714285714285413e-01
6.591220850480109528e-01
6.592728104276240897e-01
6.594236047575480208e-01
6.595744680851063357e-01
6.597254004576659225e-01
6.598764019226367461e-01
6.600274725274725141e-01
6.603298213467705402e-01
6.604810996563573733e-01
6.606324472960586336e-01
6.607838643135457435e-01
6.609353507565336461e-01
6.612385321100917590e-01
6.613902271163111246e-01
6.615419917393299265e-01
6.616938260270828209e-01
6.618457300275482069e-01
6.621497473587505400e-01
6.623018607856651085e-01
6.624540441176470784e-01
6.626062974028958941e-01
6.627586206896551868e-01
6.629110140262128859e-01
6.630634774609015514e-01
6.632160110420980415e-01
6.633686148182236231e-01
6.635212888377445273e-01
6.636740331491712830e-01
6.638268478010591611e-01
6.639797328420082856e-01
6.641326883206634113e-01
6.642857142857142572e-01
6.644388107858953951e-01
6.645919778699861391e-01
6.647452155868112111e-01
6.648985239852398532e-01
6.650519031141868265e-01
6.652053530226118561e-01
6.653588737595199643e-01
6.655124653739612484e-01
6.656661279150312138e-01
6.658198614318706632e-01
6.659736659736660291e-01
6.658964879852126151e-01
6.660503813265541417e-01
6.662043458159963016e-01
6.663583815028901736e-01
6.665124884366327995e-01
6.666666666666666297e-01
6.668209162424802994e-01
6.669752372136079632e-01
6.671296296296296280e-01
6.672840935401713747e-01
6.674386289949050255e-01
6.675932360435488100e-01
6.677479147358665879e-01
6.679026651216686261e-01
6.680574872508112660e-01
6.682123811731972562e-01
6.683673469387755306e-01
6.685223845975412083e-01
6.686774941995359267e-01
6.688326757948479528e-01
6.689879294336118498e-01
6.691432551660088102e-01
6.692986530422666558e-01
6.694541231126597269e-01
6.696096654275093263e-01
6.697652800371833859e-01
6.699209669920966892e-01
6.700767263427109821e-01
6.702325581395348619e-01
6.703884624331239994e-01
6.705444392740809167e-01
6.707004887130556536e-01
6.708566108007448792e-01
6.710128055878928910e-01
6.711690731252910602e-01
6.713254134637782755e-01
6.714818266542404990e-01
6.716383127476113213e-01
6.717948717948717396e-01
6.719515038470506019e-01
6.721082089552238292e-01
6.722649871705155267e-01
6.721885207652823491e-01
6.723453908984831084e-01
6.725023342670402027e-01
6.726593509222507095e-01
6.725829051844932627e-01
6.727400140154169428e-01
6.728971962616822067e-01
6.730544519747604371e-01
6.732117812061710893e-01
6.733691840074819135e-01
6.735266604303087323e-01
6.736842105263157743e-01
6.738418343472156735e-01
6.739995319447694699e-01
6.741573033707864981e-01
6.743151486771248315e-01
6.744730679156908382e-01
6.746310611384399580e-01
6.747891283973758147e-01
6.749472697445512148e-01
6.751054852320674815e-01
6.752637749120750099e-01
6.754221388367729340e-01
6.755805770584095704e-01
6.757390896292819749e-01
6.758976766017367188e-01
6.760563380281690016e-01
6.762150739610237604e-01
6.763738844527947824e-01
6.765327695560253707e-01
6.766917293233082331e-01
6.768507638072855936e-01
6.770098730606487480e-01
6.771690571361391742e-01
6.773283160865475327e-01
6.774876499647142225e-01
6.776470588235293802e-01
6.778065427159332135e-01
6.777306967984934039e-01
6.778902754885801629e-01
6.780499293452660892e-01
6.782096584216725788e-01
6.783694627709707659e-01
6.785293424463822998e-01
6.786892975011786788e-01
6.788493279886819165e-01
6.790094339622640973e-01
6.791696154753479320e-01
6.793298725814063133e-01
6.794902053339627601e-01
6.796506137865910846e-01
6.798110979929161690e-01
6.799716580066130778e-01
6.801322938814079455e-01
6.802930056710775331e-01
6.804537934294493384e-01
6.806146572104019299e-01
6.807755970678647239e-01
6.809366130558183183e-01
6.810977052282942701e-01
6.812588736393753175e-01
6.814201183431952691e-01
6.815814393939394478e-01
6.817428368458441357e-01
6.819043107531975734e-01
6.820658611703387386e-01
6.822274881516587897e-01
6.823891917515999550e-01
6.825509720246561995e-01
6.827128290253734466e-01
6.828747628083491339e-01
6.830367734282325465e-01
6.831988609397247059e-01
6.833610253975789250e-01
6.835232668566001424e-01
6.836855853716456988e-01
6.838479809976246715e-01
6.840104537894986514e-01
6.841730038022814098e-01
6.843356310910387874e-01
6.846611177170035534e-01
6.848239771646051910e-01
6.849869141089698354e-01
6.851499286054260063e-01
6.853130207093549586e-01
6.852380952380952017e-01
6.854012860204811153e-01
6.855645545497855986e-01
6.857279008815820864e-01
6.858913250714966381e-01
6.860548271752086036e-01
6.862184072484501796e-01
6.863820653470069644e-01
6.867096158434741193e-01
6.868735083532219177e-01
6.870374791119598923e-01
6.872015281757402061e-01
6.873656556006687568e-01
6.872909698996655381e-01
6.874551971326164912e-01
6.876195028680688326e-01
6.877838871623236372e-01
6.879483500717360478e-01
6.881128916527146089e-01
6.882775119617224879e-01
6.884422110552763652e-01
6.886069889899473218e-01
6.887718458223605067e-01
6.889367816091953589e-01
6.891017964071856072e-01
6.892668902731192704e-01
6.894320632638389901e-01
6.895973154362415869e-01
6.897626468472788375e-01
6.900935476133365221e-01
6.902591170825336242e-01
6.904247660187184943e-01
6.905904944791166900e-01
6.907563025210083918e-01
6.909221902017290695e-01
6.910881575786692599e-01
6.912542047092743447e-01
6.914203316510454389e-01
6.915865384615385025e-01
6.917528251983650067e-01
6.919191919191919338e-01
6.920856386817416661e-01
6.922521655437920973e-01
6.924187725631768542e-01
6.925854597977852967e-01
6.927522273055622959e-01
6.929190751445086782e-01
6.930860033726813363e-01
6.932530120481927849e-01
6.934201012292118271e-01
6.935872709739633324e-01
6.937545213407282363e-01
6.939218523878436518e-01
6.940892641737032021e-01
6.942567567567567988e-01
6.944243301955105307e-01
6.945919845485273303e-01
6.947597198744264180e-01
6.949275362318840799e-01
6.950954336796327793e-01
6.952634122764620450e-01
6.954314720812182493e-01
6.955996131528046078e-01
6.957678355501814016e-01
6.959361393323657552e-01
6.961045245584320806e-01
6.962729912875120775e-01
6.964415395787945107e-01
6.966101694915254328e-01
6.967788810850085168e-01
6.969476744186046124e-01
6.971165495517325228e-01
6.972855065438681166e-01
6.974545454545454382e-01
6.976236663433559304e-01
6.975503274314819313e-01
6.977195536147501320e-01
6.978888619267168414e-01
6.980582524271844447e-01
6.982277251760136139e-01
6.983972802331228635e-01
6.985669176584892170e-01
6.987366375121477624e-01
6.989064398541919854e-01
6.990763247447739914e-01
6.992462922441040618e-01
6.994163424124513195e-01
6.995864753101435074e-01
6.997566909975668770e-01
6.999269895351667437e-01
7.000973709834469316e-01
7.002678354029705510e-01
7.004383828543594426e-01
7.006090133982947332e-01
7.007797270955166136e-01
7.009505240068242271e-01
7.011214041930765584e-01
7.012923677151914337e-01
7.014634146341462984e-01
7.016345450109783277e-01
7.018057589067837609e-01
7.019770563827190113e-01
7.021484375000000000e-01
7.023199023199022673e-01
7.024914509037616384e-01
7.026630833129733356e-01
7.028347996089931993e-01
7.030065998533365779e-01
7.031784841075794379e-01
7.033504524333578090e-01
7.035225048923678948e-01
7.036946415463665172e-01
7.038668624571707833e-01
7.040391676866585291e-01
7.042115572967678760e-01
7.043840313494978966e-01
7.045565899069083926e-01
7.049019607843137747e-01
7.050747732287325764e-01
7.052476704266797958e-01
7.054206524405199907e-01
7.055937193326791146e-01
7.057668711656441829e-01
7.059401080019637176e-01
7.061134299042475249e-01
7.062868369351670284e-01
7.064603291574551580e-01
7.066339066339066832e-01
7.068075694273777687e-01
7.069813176007866407e-01
7.071551512171133647e-01
7.073290703393999568e-01
7.075030750307502725e-01
7.076771653543306728e-01
7.078513413733694692e-01
7.080256031511570347e-01
7.081999507510465808e-01
7.083743842364531584e-01
7.085489036708548793e-01
7.087235091177920276e-01
7.088982006408676151e-01
7.090729783037474920e-01
7.092478421701603475e-01
7.094227923038973760e-01
7.095978287688132768e-01
7.097729516288252549e-01
7.099481609479141309e-01
7.101234567901234529e-01
7.102988392195603851e-01
7.104743083003952631e-01
7.106498640968619274e-01
7.108255066732575012e-01
7.110012360939431675e-01
7.111770524233431701e-01
7.113529557259460345e-01
7.115289460663037913e-01
7.117050235090324195e-01
7.118811881188118473e-01
7.120574399603862847e-01
7.122337790985636685e-01
7.124102055982165504e-01
7.125867195242814311e-01
7.127633209417596483e-01
7.129400099157163773e-01
7.131167865112819637e-01
7.132936507936508130e-01
7.134706028280823897e-01
7.136476426799007733e-01
7.138247704144948802e-01
7.137537239324727167e-01
7.139309659796374552e-01
7.141082960755091857e-01
7.142857142857143016e-01
7.144632206759443660e-01
7.146408153119562234e-01
7.148184982595723325e-01
7.149962695846804328e-01
7.151741293532338783e-01
7.153520776312515261e-01
7.155301144848182915e-01
7.154592979835697752e-01
7.156374501992032178e-01
7.158156911581569082e-01
7.159940209267563471e-01
7.161724395713929825e-01
7.163509471585244315e-01
7.165295437546745916e-01
7.167082294264338627e-01
7.168870042404589249e-01
7.170658682634730718e-01
7.172448215622659884e-01
7.174238642036944169e-01
7.176029962546816021e-01
7.177822177822177352e-01
7.179615288533599538e-01
7.181409295352323419e-01
7.183204198950262631e-01
7.185000000000000275e-01
7.186796699174793357e-01
7.188594297148573897e-01
7.190392794595946713e-01
7.192192192192192746e-01
7.193992490613266844e-01
7.195793690535803311e-01
7.197595792637114798e-01
7.199398797595190080e-01
7.201202706088699612e-01
7.203007518796992192e-01
7.204813236400100518e-01
7.206619859578736742e-01
7.208427389014296915e-01
7.210235825388860986e-01
7.212045169385195020e-01
7.213855421686746761e-01
7.215666582977654508e-01
7.217478653942742683e-01
7.219291635267520713e-01
7.221105527638190802e-01
7.220407137471726022e-01
7.222222222222222099e-01
7.224038219763641022e-01
7.227672955974843161e-01
7.229491696024157310e-01
7.231311351623458394e-01
7.233131923464249935e-01
7.234953412238730452e-01
7.236775818639799018e-01
7.238599143361048593e-01
7.240423387096773800e-01
7.242248550541970920e-01
7.244074634392334566e-01
7.245901639344262124e-01
7.247729566094853748e-01
7.249558415341912365e-01
7.251388187783947004e-01
7.253218884120171683e-01
7.255050505050505416e-01
7.256883051275574426e-01
7.258716523496715478e-01
7.260550922415971442e-01
7.262386248736096839e-01
7.264222503160556732e-01
7.266059686393525618e-01
7.267897799139894088e-01
7.269736842105263275e-01
7.271576815995950405e-01
7.273417721518987689e-01
7.275259559382122321e-01
7.277102330293819810e-01
7.278946034963262868e-01
7.280790674100354742e-01
7.282636248415715885e-01
7.281947261663286319e-01
7.283794065432411813e-01
7.285641806189750991e-01
7.287490484648566635e-01
7.289340101522843174e-01
7.291190657527291119e-01
7.293042153377349290e-01
7.294894589789179262e-01
7.296747967479674246e-01
7.298602287166454650e-01
7.300457549567870297e-01
7.302313755403000428e-01
7.304170905391658142e-01
7.306029000254388173e-01
7.307888040712468003e-01
7.309748027487910083e-01
7.311608961303461829e-01
7.313470842882607847e-01
7.315333672949566601e-01
7.317197452229299293e-01
7.319062181447502091e-01
7.320927861330613906e-01
7.322794492605813055e-01
7.324662076001020594e-01
7.326530612244898100e-01
7.325848430722122773e-01
7.327718223583461477e-01
7.329588971151391741e-01
7.331460674157302959e-01
7.333333333333332815e-01
7.335206949412366173e-01
7.337081523128035077e-01
7.338957055214724301e-01
7.338276655586806196e-01
7.340153452685421742e-01
7.342031210028140409e-01
7.343909928352098104e-01
7.345789608395187908e-01
7.347670250896057853e-01
7.349551856594109811e-01
7.351434426229508379e-01
7.353317960543171994e-01
7.351961035631888741e-01
7.353846153846154143e-01
7.355732239035650544e-01
7.359507313317936728e-01
7.361396303901437399e-01
7.363286264441591955e-01
7.362609142270158946e-01
7.364500385306961272e-01
7.366392600205550201e-01
7.368285787715240787e-01
7.370179948586118579e-01
7.372075083569040732e-01
7.373971193415638226e-01
7.375868278878312534e-01
7.377766340710242288e-01
7.379665379665379943e-01
7.381565396498455112e-01
7.380891063610610647e-01
7.382792375064399781e-01
7.384694666323112777e-01
7.384020618556701443e-01
7.385924207269914943e-01
7.387828777720474305e-01
7.389734330668041862e-01
7.391640866873064875e-01
7.393548387096774421e-01
7.395456892101187618e-01
7.397366382649108729e-01
7.399276859504132497e-01
7.401188323430638594e-01
7.403100775193798277e-01
7.405014215559576618e-01
7.406928645294725833e-01
7.408844065166796389e-01
7.410760475944128123e-01
7.412677878395860231e-01
7.414596273291925721e-01
7.416515661403054738e-01
7.420357420357420741e-01
7.422279792746113714e-01
7.421611816532780459e-01
7.420943494038362287e-01
7.422867513611615120e-01
7.426718547341115695e-01
7.428645563051374801e-01
7.432502596053998101e-01
7.431835886782653944e-01
7.431168831168830646e-01
7.433099506365289377e-01
7.435031185031184542e-01
7.436963867949051288e-01
7.438897555902236336e-01
7.442767950052029402e-01
7.444704657819412041e-01
7.446642373763664446e-01
7.448581098672221179e-01
7.450520833333332815e-01
7.452461578536077047e-01
7.454403335070348691e-01
7.456346103726869678e-01
7.458289885297184618e-01
7.457627118644067910e-01
7.459572248304642272e-01
7.461518392903730978e-01
7.463465553235908434e-01
7.465413730096580602e-01
7.467362924281983894e-01
7.469313136589187385e-01
7.471264367816091712e-01
7.473216618761432395e-01
7.475169890224777625e-01
7.477124183006536029e-01
7.479079497907950014e-01
7.481035835731101313e-01
7.482993197278912101e-01
7.484951583355142768e-01
7.488871432312123044e-01
7.490832896804610064e-01
7.492795389048991783e-01
7.494758909853249662e-01
7.496723460026212260e-01
7.498689040377556347e-01
7.500655651717808015e-01
7.502623294858341563e-01
7.504591970611388385e-01
7.506561679790025865e-01
7.508532423208190698e-01
7.510504201680672232e-01
7.512477016023115794e-01
7.514450867052022698e-01
7.513797634691196103e-01
7.515772870662460470e-01
7.517749145411517508e-01
7.519726459758021564e-01
7.521704814522494065e-01
7.523684210526315752e-01
7.525664648591734451e-01
7.529628654200685167e-01
7.531612223393044925e-01
7.533596837944663838e-01
7.535582498682129593e-01
7.537569206432902513e-01
7.539556962025316666e-01
7.541545766288578756e-01
7.543535620052770341e-01
7.545526524148852276e-01
7.547518479408659164e-01
7.549511486664906013e-01
7.551505546751188236e-01
7.553500660501981656e-01
7.552854122621563970e-01
7.554850647634152594e-01
7.554204124801692233e-01
7.556202062946310027e-01
7.558201058201058364e-01
7.557554908706006769e-01
7.559555320275277435e-01
7.561556791104050435e-01
7.560911016949152241e-01
7.562913907284768422e-01
7.564917859035505954e-01
7.566922873045321962e-01
7.568928950159067304e-01
7.570936091222487674e-01
7.570291777188329352e-01
7.572300344919076220e-01
7.574309978768577478e-01
7.578332448220923556e-01
7.580345285524567878e-01
7.582359192348565591e-01
7.584374169545575750e-01
7.586390217969165572e-01
7.588407338473810437e-01
7.590425531914893886e-01
7.592444799148709844e-01
7.594465141032463729e-01
7.596486558424274671e-01
7.598509052183173296e-01
7.600532623169108382e-01
7.602557272242941311e-01
7.604583000266453841e-01
7.606609808102345882e-01
7.608637696614236612e-01
7.608000000000000318e-01
7.610029341157642513e-01
7.612059765208111228e-01
7.614091273018415151e-01
7.616123865456486675e-01
7.618157543391188558e-01
7.620192307692307265e-01
7.622228159230564071e-01
7.626303127506014468e-01
7.628342245989304660e-01
7.627707943300348070e-01
7.629748528624933357e-01
7.631790206047631697e-01
7.633832976445396046e-01
7.635876840696117496e-01
7.637921799678628609e-01
7.639967854272703418e-01
7.642015005359056312e-01
7.644063253819350923e-01
7.643431635388739931e-01
7.645481362295521999e-01
7.647532188841201783e-01
7.646900992755567561e-01
7.646269457863660302e-01
7.648322147651006597e-01
7.650375939849624052e-01
7.652430835347837634e-01
7.654486835034927106e-01
7.656543939801129239e-01
7.658602150537634490e-01
7.660661468136595875e-01
7.662721893491124536e-01
7.664783427495291956e-01
7.664155005382131680e-01
7.666218034993270702e-01
7.670347427955830355e-01
7.672413793103448620e-01
7.674481271894367795e-01
7.676549865229110869e-01
7.678619574009166726e-01
7.680690399137001245e-01
7.682762341516050641e-01
7.684835402050728126e-01
7.684210526315788936e-01
7.688360788549823965e-01
7.690437601296596926e-01
7.692515536341529847e-01
7.694594594594594827e-01
7.696674776966747622e-01
7.698756084369929864e-01
7.700838517717067955e-01
7.702922077922077504e-01
7.702300405953992346e-01
7.704385489983757163e-01
7.706471703222312897e-01
7.708559046587215580e-01
7.710647520997019333e-01
7.712737127371274148e-01
7.714827866630523667e-01
7.719012747491185156e-01
7.721106890938687073e-01
7.723202170963364699e-01
7.725298588490771001e-01
7.727396144447461479e-01
7.729494839760999714e-01
7.731594675359956259e-01
7.733695652173913082e-01
7.735797771133460232e-01
7.735182164219684964e-01
7.737285830840359147e-01
7.739390642002176302e-01
7.738775510204081165e-01
7.740881872618399218e-01
7.740266811870405439e-01
7.742374727668844825e-01
7.744483791882320611e-01
7.746594005449590759e-01
7.748705369310439073e-01
7.750817884405670766e-01
7.752931551677120225e-01
7.752318603382433171e-01
7.751705320600272842e-01
7.753820960698689646e-01
7.755937755937756251e-01
7.758055707263790124e-01
7.760174815624146794e-01
7.762295081967213184e-01
7.764416507242416499e-01
7.766539092400218669e-01
7.768662838392125236e-01
7.770177838577291274e-01
7.772304324028461719e-01
7.771694497673145019e-01
7.773822562979189055e-01
7.775951794029033470e-01
7.780213757193751301e-01
7.782346491228070429e-01
7.784480394845078033e-01
7.783872737246296802e-01
7.786008230452674539e-01
7.788144895718990268e-01
7.790282734010430810e-01
7.789676002196594951e-01
7.791815435319967564e-01
7.793956043956044022e-01
7.796097829073921348e-01
7.795492028587135414e-01
7.797635413802584958e-01
7.799779977997799429e-01
7.801925722145804931e-01
7.804072647220693382e-01
7.806220754197632505e-01
7.808370044052863612e-01
7.810520517763701598e-01
7.812672176308540495e-01
7.814825020666850142e-01
7.816979051819183955e-01
7.819134270747174487e-01
7.818532818532818451e-01
7.820689655172413657e-01
7.822847682119205004e-01
7.825006900358818518e-01
7.827167310877968243e-01
7.829328914664457351e-01
7.831491712707182584e-01
7.833655705996132035e-01
7.831858407079645978e-01
7.834024896265560090e-01
7.836192584394022775e-01
7.838361472460558810e-01
7.837763012181616640e-01
7.839933536416504589e-01
7.842105263157894690e-01
7.841507342754225895e-01
7.843680709534368578e-01
7.843082894372054303e-01
7.845257903494176066e-01
7.847434119278779985e-01
7.846836847946725424e-01
7.849014709963918479e-01
7.851193781232648217e-01
7.850597056373229687e-01
7.852777777777777413e-01
7.854959711030842229e-01
7.857142857142856984e-01
7.859327217125382514e-01
7.861512791991100979e-01
7.863699582753824746e-01
7.865887590428491949e-01
7.868076816031172038e-01
7.870267260579064672e-01
7.867298578199052317e-01
7.869492470719464672e-01
7.868898186889818902e-01
7.871093750000000000e-01
7.875488553880514164e-01
7.877687796704830880e-01
7.879888268156424180e-01
7.882089969265158036e-01
7.884292901062045500e-01
7.886497064579256477e-01
7.888702460850112175e-01
7.890909090909090651e-01
7.893116955791830147e-01
7.895326056535124648e-01
7.894736842105263275e-01
7.894147297675720987e-01
7.892967217708041217e-01
7.895179372197309586e-01
7.897392767031118366e-01
7.896803140773976937e-01
7.899018232819073893e-01
7.900645523435306794e-01
7.902863559797866921e-01
7.902274641954507572e-01
7.904494382022472232e-01
7.906715369485810552e-01
7.908937605396290094e-01
7.911161090806859697e-01
7.913385826771653919e-01
7.915611814345991926e-01
7.917839054586381931e-01
7.920067548550521197e-01
7.922297297297297147e-01
7.924528301886792914e-01
7.926760563380281788e-01
7.928994082840237212e-01
7.928410372040586296e-01
7.930645616013533017e-01
7.932882120699379369e-01
7.932299012693935225e-01
7.934537246049661041e-01
7.936776742873271617e-01
7.943502824858756917e-01
7.945747386267306700e-01
7.947993216506500369e-01
7.950240316652530392e-01
7.951909476661951359e-01
7.954159592529711498e-01
7.956410982168129475e-01
7.955832389580973496e-01
7.958085528178986401e-01
7.960339943342775726e-01
7.962595636157551171e-01
7.962018140589569581e-01
7.964275588318684429e-01
7.966534316505955449e-01
7.968794326241134263e-01
7.968217934165721106e-01
7.970479704797047704e-01
7.972742759795570233e-01
7.972166998011928074e-01
7.974431818181818565e-01
7.976697925547030499e-01
7.978965321205230277e-01
7.981234006255331082e-01
7.983503981797497318e-01
7.982930298719772555e-01
7.985202048947068754e-01
7.987475092513520725e-01
7.989749430523918061e-01
7.992025064084306019e-01
7.994301994301994396e-01
7.996580222285551987e-01
7.996009122006841885e-01
7.998289136013686518e-01
7.997718197375927041e-01
8.000000000000000444e-01
8.002283105022831577e-01
8.001712817584927251e-01
8.003997715591091300e-01
8.006283918880320316e-01
8.008571428571428230e-01
8.010860245784510170e-01
8.013150371640938019e-01
8.015441807263368190e-01
8.014874141876430214e-01
8.019461934745277798e-01
8.021757801316919956e-01
8.028653295128940215e-01
8.028088277443393705e-01
8.027522935779816127e-01
8.029825064525379918e-01
8.032128514056224855e-01
8.031563845050214701e-01
8.030998851894374235e-01
8.030433534309503463e-01
8.032739804709936315e-01
8.035047400172363741e-01
8.036792181661397416e-01
8.036227717078781030e-01
8.035662927811331180e-01
8.040287769784172367e-01
8.042602187679908088e-01
8.044917938381802580e-01
8.049553442811869797e-01
8.048991354466858983e-01
8.050749711649365370e-01
8.050187481972886916e-01
8.049624927870744351e-01
8.051948051948052409e-01
8.054272517321016123e-01
8.056598325151602680e-01
8.056036972848065192e-01
8.054913294797687584e-01
8.057241977450130266e-01
8.059572006940427524e-01
8.061903384437373310e-01
8.064236111111111605e-01
8.066570188133140862e-01
8.066010422698320914e-01
8.068346365479293070e-01
8.067786790266512353e-01
8.070124601564764300e-01
8.069565217391304612e-01
8.069005508843143382e-01
8.071345707656613078e-01
8.073687264287786602e-01
8.073128264654672037e-01
8.080162648852744489e-01
8.084859052600987805e-01
8.084302325581395054e-01
8.083745274789182478e-01
8.083187899941827181e-01
8.085539714867616690e-01
8.087892898719440948e-01
8.090247452692868046e-01
8.092603377984857183e-01
8.092047771628313457e-01
8.094405594405594817e-01
8.096764791605945977e-01
8.099125364431486451e-01
8.101487314085739078e-01
8.100379340531076444e-01
8.102743724460012009e-01
8.102189781021897907e-01
8.104556074766354756e-01
8.106923751095530539e-01
8.109292811221507913e-01
8.111663256357790619e-01
8.114035087719297934e-01
8.116408306522374660e-01
8.118782913984786687e-01
8.118232367573895436e-01
8.117681498829040221e-01
8.120058565153733809e-01
8.122437024018746010e-01
8.124816876648109920e-01
8.127198124267291934e-01
8.129580768103195076e-01
8.128483426224699659e-01
8.127934272300469942e-01
8.130319929556795167e-01
8.132158590308370405e-01
8.134547591069329897e-01
8.136937995885983321e-01
8.139329805996472489e-01
8.141723022640400265e-01
8.144117647058823906e-01
8.146513680494262832e-01
8.148911124190700850e-01
8.151309979393582816e-01
8.153710247349823526e-01
8.156111929307805486e-01
8.158515026517383362e-01
8.160919540229885083e-01
8.163325471698112956e-01
8.162783839575346034e-01
8.165191740412979238e-01
8.167601062260253508e-01
8.170011806375442331e-01
8.174837566450088300e-01
8.177252584933529800e-01
8.179669030732860113e-01
8.182086905113804542e-01
8.181011535048802186e-01
8.183431952662721942e-01
8.185853802900265874e-01
8.188277087033747348e-01
8.190701806336985191e-01
8.193127962085308136e-01
8.195555555555555927e-01
8.195020746887966556e-01
8.194485621108805740e-01
8.199347374666271504e-01
8.198813056379822273e-01
8.201246660730187044e-01
8.200712589073634318e-01
8.203148203148202811e-01
8.202614379084967045e-01
8.202080237741455893e-01
8.204518430439952104e-01
8.206958073148974409e-01
8.209399167162403366e-01
8.208866408806902992e-01
8.211309523809523503e-01
8.213754093480202245e-01
8.216200119118522993e-01
8.218647602025618282e-01
8.218116805721096263e-01
8.217585692995529323e-01
8.217054263565891636e-01
8.219504920966298478e-01
8.218973747016706799e-01
8.221426439868695368e-01
8.223880597014925353e-01
8.228793309438470205e-01
8.231251867343890583e-01
8.233711894799761177e-01
8.236173393124065489e-01
8.235645933014353881e-01
8.238109482500748371e-01
8.240574506283662171e-01
8.239520958083832447e-01
8.241988619347110356e-01
8.244457759137208130e-01
8.243931675157326611e-01
8.253825382538253486e-01
8.256302521008402895e-01
8.258781146802761652e-01
8.261261261261261257e-01
8.266225961538461453e-01
8.268710550045085261e-01
8.268190018039687228e-01
8.267148014440433013e-01
8.269635871200722299e-01
8.272125225767610335e-01
8.274616079494128140e-01
8.277108433734939874e-01
8.276589334136787990e-01
8.279083785412899577e-01
8.281579740729574368e-01
8.281061519903498702e-01
8.283559577677225283e-01
8.286059143029571583e-01
8.285541805010564476e-01
8.288043478260869179e-01
8.293051359516616650e-01
8.292019347037484778e-01
8.297035692679975982e-01
8.299031476997578149e-01
8.301544050862852409e-01
8.301029678982434490e-01
8.306060606060605700e-01
8.308578357077902599e-01
8.308065494238933146e-01
8.310585380649074816e-01
8.313106796116505048e-01
8.312594840667678620e-01
8.311569996963255047e-01
8.311057108140947891e-01
8.310543907626861682e-01
8.315597446032229056e-01
8.315085158150851141e-01
8.317102860620815274e-01
8.316590563165905392e-01
8.319123020706455929e-01
8.321657021017362377e-01
8.324192565508835573e-01
8.326729655592807200e-01
8.329268292682926456e-01
8.328758767917048278e-01
8.328248932275778005e-01
8.330790357033872606e-01
8.332824427480916007e-01
8.335369578497251464e-01
8.334860983806905432e-01
8.339449541284403855e-01
8.337924701561064689e-01
8.340477648499693419e-01
8.345588235294117974e-01
8.348145878026356215e-01
8.350705088902513618e-01
8.353265869365225083e-01
8.360957642725598271e-01
8.363524715996315528e-01
8.371235402581438390e-01
8.376383763837638163e-01
8.375384615384615650e-01
8.377962449984610593e-01
8.380541871921182162e-01
8.385705483672212246e-01
8.388289676425270125e-01
8.390875462392108908e-01
8.398642394322739513e-01
8.401234567901234573e-01
8.403828342080889025e-01
8.408529048207663559e-01
8.407544836116265241e-01
8.410145375811939328e-01
8.409653465346534906e-01
8.409161250386877340e-01
8.408668730650155076e-01
8.421705426356589363e-01
8.424317617866005081e-01
8.426931430344399843e-01
8.429059298354548702e-01
8.428571428571428603e-01
8.430702299564947211e-01
8.430214485545539649e-01
8.429726368159203842e-01
8.432348367029548486e-01
8.434971997510889441e-01
8.440224159402242021e-01
8.439738399252568746e-01
8.439252336448598291e-01
8.441882206294796243e-01
8.444513715710723067e-01
8.447146866230121898e-01
8.452418096723869345e-01
8.455056179775281011e-01
8.454573837027786753e-01
8.457214241099313412e-01
8.456732271165260384e-01
8.459375000000000089e-01
8.462019381056580247e-01
8.464185173600250467e-01
8.462742642454602615e-01
8.464912280701754055e-01
8.464431212785960001e-01
8.469739730322984883e-01
8.474097331240187936e-01
8.473618090452261775e-01
8.472178560201194530e-01
8.474842767295597268e-01
8.474363007234979595e-01
8.473882945248584209e-01
8.472921914357682827e-01
8.475590551181102494e-01
8.480932871099905457e-01
8.479974771365499375e-01
8.482649842271293705e-01
8.483891345546430429e-01
8.486093552465233669e-01
8.488776478027189043e-01
8.488298545224541858e-01
8.487820310028472148e-01
8.486862931307376234e-01
8.492239467849224122e-01
8.494930291508238085e-01
8.497622820919176201e-01
8.497146480659479861e-01
8.502538071065990355e-01
8.501111463956811942e-01
8.503336510962822281e-01
8.508744038155803269e-01
8.513212352753900536e-01
8.511790949649458149e-01
8.512132822477650462e-01
8.517571884984025399e-01
8.520294023649728210e-01
8.523017902813299074e-01
8.522545570834665352e-01
8.528000000000000025e-01
8.527528809218950512e-01
8.530259365994236065e-01
8.532991672005124650e-01
8.532521627683434806e-01
8.532051282051281715e-01
8.531580634818851649e-01
8.534316869788325377e-01
8.533846647417387965e-01
8.536115569823434779e-01
8.538856775850995895e-01
8.538387407645358085e-01
8.541131105398457324e-01
8.543876567020251001e-01
8.543408360128617041e-01
8.546156320360244196e-01
8.554410817772054587e-01
8.557165861513688077e-01
8.556701030927834628e-01
8.555770470664088023e-01
8.561290322580644707e-01
8.560826072926750463e-01
8.562661498708010743e-01
8.562197092084006256e-01
8.564964447317388041e-01
8.567270375161707419e-01
8.566343042071197234e-01
8.569116218841048571e-01
8.568189180434078178e-01
8.573743922204214440e-01
8.573281452658884083e-01
8.578844905905256280e-01
8.581168831168831668e-01
8.583955829814875482e-01
8.586744639376218124e-01
8.591411841249186887e-01
8.593750000000000000e-01
8.596091205211726649e-01
8.595633756924079272e-01
8.597978480599934858e-01
8.602677113940581100e-01
8.602220770738079336e-01
8.601307189542484188e-01
8.600849950964367663e-01
8.600392413342053954e-01
8.605564648117839388e-01
8.607926629544709884e-01
8.607470511140236091e-01
8.607014093739757676e-01
8.606100360774023850e-01
8.610381077529566385e-01
8.616042077580539083e-01
8.615131578947368141e-01
8.614675880223757742e-01
8.622734761120263158e-01
8.628420705572040772e-01
8.635612817971588528e-01
8.638466622604097367e-01
8.638016528925619442e-01
8.651424784625579845e-01
8.654292343387470776e-01
8.655824759376037347e-01
8.660684612828182249e-01
8.659793814432990011e-01
8.667554963357761988e-01
8.676470588235294379e-01
8.678929765886287395e-01
8.682975871313672878e-01
8.685005031868500147e-01
8.683680322364002446e-01
8.685714285714285499e-01
8.686868686868687295e-01
8.689631881121242518e-01
8.692125718148022706e-01
8.691241122759553184e-01
8.691525423728813093e-01
8.697721863311799195e-01
8.700680272108843871e-01
8.708688245315161502e-01
8.710777626193724199e-01
8.713310580204778333e-01
8.729887024991441757e-01
8.729016786570743536e-01
8.735829611817245155e-01
8.748707342295760636e-01
8.750000000000000000e-01
8.767313019390581275e-01
8.781673030197848506e-01
8.793043478260869072e-01
8.800139518660621274e-01
8.801955990220048376e-01
8.820028011204481544e-01
8.835327234342013059e-01
8.846560846560846958e-01
8.861702127659574213e-01
8.885724457102172069e-01
8.904795991410164868e-01
8.921568627450980893e-01
8.934998163789937831e-01
8.973214285714286031e-01
9.035591274397244410e-01
1.000000000000000000e+00
