6.471910112359550160e-01
6.470918797415003976e-01
6.472737492973580364e-01
6.474557211132977441e-01
6.476377952755905110e-01
6.478199718706048049e-01
6.480022509848059054e-01
6.481846327047565692e-01
6.483671171171171421e-01
6.485497043086454472e-01
6.487323943661972292e-01
6.489151873767258216e-01
6.490980834272829236e-01
6.492810826050183781e-01
6.494641849971799497e-01
6.496473906911142127e-01
6.498306997742663293e-01
6.500141123341800498e-01
6.501976284584980448e-01
6.503812482349619062e-01
6.505649717514124797e-01
6.507487990957897539e-01
6.509327303561334155e-01
6.511167656205824050e-01
6.514851485148515087e-01
6.516694963214487712e-01
6.518539484857062138e-01
6.520385050962627105e-01
6.522231662418578324e-01
6.524079320113314040e-01
6.525928024936242799e-01
6.527777777777777901e-01
6.529628579529345167e-01
6.531480431083380722e-01
6.533333333333333215e-01
6.535187287173666038e-01
6.537042293499858436e-01
6.538898353208404401e-01
6.540755467196819328e-01
6.542613636363636687e-01
6.544472861608411351e-01
6.546333143831722934e-01
6.548194483935172450e-01
6.550056882821387871e-01
6.551920341394025238e-01
6.553784860557768654e-01
6.555650441218331403e-01
6.557517084282460385e-01
6.559384790657931674e-01
6.561253561253561628e-01
6.563123396979196889e-01
6.564994298745724377e-01
6.566866267465070184e-01
6.568739304050199568e-01
6.570613409415121398e-01
6.572488584474885931e-01
6.574364830145589256e-01
6.576242147344374400e-01
6.578120536989431333e-01
6.580000000000000293e-01
6.581880537296370681e-01
6.583762149799885499e-01
6.585644838432942461e-01
6.587528604118992881e-01
6.589413447782546118e-01
6.591299370349169573e-01
6.593186372745490909e-01
6.595074455899198052e-01
6.596963620739043632e-01
6.598853868194842764e-01
6.600745199197477486e-01
6.602637614678898981e-01
6.604531115572125355e-01
6.606425702811244971e-01
6.608321377331420887e-01
6.610218140068886417e-01
6.612115991960952899e-01
6.614014933946008590e-01
6.615914966963516441e-01
6.617816091954022983e-01
6.619718309859154992e-01
6.621621621621621712e-01
6.623526028185217074e-01
6.625431530494821919e-01
6.627338129496402885e-01
6.629245826137017961e-01
6.631154621364814261e-01
6.633064516129032473e-01
6.634975511380005742e-01
6.636887608069164113e-01
6.638800807149034533e-01
6.640715109573240849e-01
6.642630516296510468e-01
6.644547028274667699e-01
6.646464646464645964e-01
6.648383371824480026e-01
6.650303205313312649e-01
6.652224147891392381e-01
6.654146200520081322e-01
6.656069364161849577e-01
6.659919028340081093e-01
6.661845530807057880e-01
6.663773148148147696e-01
6.665701881331403955e-01
6.669562699102229431e-01
6.671494785631517654e-01
6.673427991886409227e-01
6.675362318840579734e-01
6.677297767468831635e-01
6.681172033652451603e-01
6.683110853163087839e-01
6.685050798258345139e-01
6.686991869918699205e-01
6.688934069125762605e-01
6.690877396862289217e-01
6.692821854112176450e-01
6.694767441860465240e-01
6.696714161093341167e-01
6.698662012798138887e-01
6.700610997963339921e-01
6.702561117578579308e-01
6.704512372634643391e-01
6.706464764123470923e-01
6.708418293038158620e-01
6.710372960372960049e-01
6.712328767123287854e-01
6.711370262390670138e-01
6.713327500729076025e-01
6.715285880980162991e-01
6.717245404143565857e-01
6.719206071220081844e-01
6.721167883211678351e-01
6.723130841121495171e-01
6.725094945953841163e-01
6.727060198714202022e-01
6.729026600409236947e-01
6.730994152046783086e-01
6.732962854635858863e-01
6.734932709186658428e-01
6.736903716710564982e-01
6.738875878220140780e-01
6.740849194729136018e-01
6.742823667252489939e-01
6.744799296806328615e-01
6.746776084407971608e-01
6.748754031075930859e-01
6.750733137829911801e-01
6.752713405690818904e-01
6.754694835680751241e-01
6.756677428823011367e-01
6.758661186142101984e-01
6.760646108663729281e-01
6.762632197414806257e-01
6.764619453423449391e-01
6.766607877718988640e-01
6.768597471331960769e-01
6.770588235294117130e-01
6.769638128861429349e-01
6.771630370806356325e-01
6.773623785693259070e-01
6.775618374558304291e-01
6.774668630338733788e-01
6.776664702416028696e-01
6.778661951075743985e-01
6.780660377358490587e-01
6.782659982306104007e-01
6.784660766961652101e-01
6.786662732369430628e-01
6.788665879574971029e-01
6.790670209625037090e-01
6.792675723567631607e-01
6.794682422451994164e-01
6.796690307328605574e-01
6.798699379249186769e-01
6.800709639266706574e-01
6.802721088435373931e-01
6.804733727810651223e-01
6.806747558449245394e-01
6.808762581409117942e-01
6.810778797749481583e-01
6.812796208530805808e-01
6.814814814814814659e-01
6.816834617664493390e-01
6.818855618144085140e-01
6.820877817319098702e-01
6.822901216256304080e-01
6.824925816023739156e-01
6.826951617690709684e-01
6.828978622327791514e-01
6.828036828036827544e-01
6.830065359477124343e-01
6.832095096582466720e-01
6.834126040428062376e-01
6.836158192090395769e-01
6.838191552647233662e-01
6.840226123177626238e-01
6.842261904761904878e-01
6.844298898481691040e-01
6.846337105419892932e-01
6.848376526660708841e-01
6.850417163289630462e-01
6.852459016393442903e-01
6.854502087060226900e-01
6.856546376379362151e-01
6.858591885441527314e-01
6.860638615338704449e-01
6.862686567164179019e-01
6.864735742012540998e-01
6.866786140979689312e-01
6.868837765162831843e-01
6.870890615660489864e-01
6.872944693572495822e-01
6.875000000000000000e-01
6.877056536045468293e-01
6.881173301406764420e-01
6.883233532934132093e-01
6.885294998502545782e-01
6.884361893349311146e-01
6.886424932574168878e-01
6.888489208633093996e-01
6.890554722638680962e-01
6.892621475704858724e-01
6.894689468946895161e-01
6.896758703481392638e-01
6.898829180426298002e-01
6.900900900900900359e-01
6.902973866025833294e-01
6.905048076923077094e-01
6.904117823865344450e-01
6.906193625977149475e-01
6.908270676691729006e-01
6.910348977135980508e-01
6.912428528438158137e-01
6.914509331727874963e-01
6.916591388136104079e-01
6.918674698795180822e-01
6.920759264838807212e-01
6.922845087402049735e-01
6.924932167621344892e-01
6.929110105580693624e-01
6.931200965600482489e-01
6.933293087835797897e-01
6.935386473429951959e-01
6.937481123527635685e-01
6.939577039274924530e-01
6.941674221819280621e-01
6.943772672309552751e-01
6.945872391895978604e-01
6.947973381730188080e-01
6.950075642965204414e-01
6.952179176755447498e-01
6.954283984256736106e-01
6.956390066626286783e-01
6.958497425022720506e-01
6.960606060606060463e-01
6.962715974537738717e-01
6.964827167980593980e-01
6.966939642098878283e-01
6.969053398058252524e-01
6.971168437025796472e-01
6.973284760170006535e-01
6.975402368660795771e-01
6.977521263669501650e-01
6.979641446368884949e-01
6.981762917933130863e-01
6.983885679537853441e-01
6.986009732360097813e-01
6.988135077578339072e-01
6.990261716372488943e-01
6.992389649923896888e-01
6.994518879415346779e-01
6.996649406031069107e-01
6.998781230956733213e-01
7.000914355379457277e-01
6.999999999999999556e-01
7.002134797194266014e-01
7.004270896888346032e-01
7.006408300274641343e-01
7.008547008547008073e-01
7.010687022900763399e-01
7.012828344532682223e-01
7.014970974641001611e-01
7.017114914425427452e-01
7.019260165087128911e-01
7.021406727828746197e-01
7.023554603854389455e-01
7.025703794369645427e-01
7.027854300581573010e-01
7.030006123698714360e-01
7.032159264931087117e-01
7.034313725490196623e-01
7.036469506589028144e-01
7.038626609442060200e-01
7.040785035265255676e-01
7.042944785276074038e-01
7.045105860693464672e-01
7.047268262737875766e-01
7.049431992631255417e-01
7.051597051597051635e-01
7.053763440860214562e-01
7.055931161647203131e-01
7.058100215185981741e-01
7.060270602706026910e-01
7.062442325438326174e-01
7.064615384615384741e-01
7.066789781471222165e-01
7.068965517241379004e-01
7.071142593162920154e-01
7.075500770416024432e-01
7.077681874229346803e-01
7.079864323157569750e-01
7.082048118445404272e-01
7.084233261339092369e-01
7.086419753086419249e-01
7.088607594936708889e-01
7.090796788140827367e-01
7.092987333951189521e-01
7.095179233621755621e-01
7.097372488408036917e-01
7.099567099567100081e-01
7.101763068357562769e-01
7.103960396039603609e-01
7.106159083874961091e-01
7.108359133126934681e-01
7.110560545060390369e-01
7.112763320941759559e-01
7.114967462039045731e-01
7.117172969621822221e-01
7.119379844961239989e-01
7.121588089330024296e-01
7.123797704002482467e-01
7.126008690254500566e-01
7.128221049363551165e-01
7.130434782608695565e-01
7.132649891270580467e-01
7.134866376631447960e-01
7.137084239975132194e-01
7.139303482587064931e-01
7.141524105754276652e-01
7.143746110765401003e-01
7.145969498910675899e-01
7.148194271481942419e-01
7.150420429772657016e-01
7.152647975077881526e-01
7.154876908694297599e-01
7.157107231920200041e-01
7.159338946055503472e-01
7.161572052401746769e-01
7.163806552262090843e-01
7.166042446941323085e-01
7.168279737745862912e-01
7.170518425983760658e-01
7.172758512964698685e-01
7.175000000000000266e-01
7.174116911534854646e-01
7.176360225140713256e-01
7.178604942133249844e-01
7.180851063829787329e-01
7.183098591549296197e-01
7.185347526612397839e-01
7.184466019417475868e-01
7.186716791979950170e-01
7.188968975242870929e-01
7.191222570532915803e-01
7.193477579178425563e-01
7.195734002509410754e-01
7.197991841857546147e-01
7.200251098556182949e-01
7.202511773940345474e-01
7.204773869346733361e-01
7.207037386113729349e-01
7.209302325581394832e-01
7.211568689091480966e-01
7.213836477987420892e-01
7.216105693614344174e-01
7.218376337319069025e-01
7.220648410450110077e-01
7.222921914357682827e-01
7.225196850393700299e-01
7.227473219911783042e-01
7.229751024267254689e-01
7.232030264817149723e-01
7.234310942920214593e-01
7.236593059936908823e-01
7.238876617229409449e-01
7.241161616161616577e-01
7.243448058099147824e-01
7.245735944409349427e-01
7.248025276461295130e-01
7.250316055625790623e-01
7.252608283275371326e-01
7.254901960784313486e-01
7.257197089528629741e-01
7.259493670886075778e-01
7.258626147515035987e-01
7.260924635845471542e-01
7.263224580297751309e-01
7.265525982256020310e-01
7.267828843106181047e-01
7.270133164235891288e-01
7.272438947034570722e-01
7.274746192893400965e-01
7.277054903205331104e-01
7.279365079365078817e-01
7.281676722769132581e-01
7.283989834815756126e-01
7.286304416904988424e-01
7.288620470438652577e-01
7.290937996820350264e-01
7.293256997455470625e-01
7.295577473751193587e-01
7.297899427116486537e-01
7.300222858962114314e-01
7.302547770700636987e-01
7.304874163746416516e-01
7.307202039515614533e-01
7.309531399426203446e-01
7.311862244897958663e-01
7.314194577352471915e-01
7.316528398213145712e-01
7.318863708905202214e-01
7.321200510855683241e-01
7.320344937719578393e-01
7.322683706070287624e-01
7.325023969319270911e-01
7.327365728900255837e-01
7.329708986248800739e-01
7.332053742802303598e-01
7.334399999999999809e-01
7.336747759282971071e-01
7.339097022094139833e-01
7.341447789878282615e-01
7.343800064082024459e-01
7.346153846153846700e-01
7.348509137544084746e-01
7.350865939704939178e-01
7.353224254090471312e-01
7.355584082156610970e-01
7.357945425361155367e-01
7.357096981374438016e-01
7.359460327658207124e-01
7.361825192802056161e-01
7.364191578270652405e-01
7.366559485530546070e-01
7.368928916050176969e-01
7.371299871299871187e-01
7.373672352751851067e-01
7.376046361880231883e-01
7.378421900161030722e-01
7.380798969072165372e-01
7.383177570093457653e-01
7.385557704706641191e-01
7.383870967741935631e-01
7.388637830858618694e-01
7.391023571197933295e-01
7.390180878552972121e-01
7.392568659127625175e-01
7.394957983193277684e-01
7.397348852247009887e-01
7.399741267787839361e-01
7.402135231316725461e-01
7.404530744336569326e-01
7.406927808352217202e-01
7.409326424870465999e-01
7.411726595400064399e-01
7.414128321451717296e-01
7.413290113452187802e-01
7.415693904020752569e-01
7.418099253973402529e-01
7.417261518494484562e-01
7.419668938656280854e-01
7.422077922077922052e-01
7.424488470282559760e-01
7.426900584795321780e-01
7.429314267143320993e-01
7.431729518855656469e-01
7.434146341463414576e-01
7.436564736499674533e-01
7.438984705499511740e-01
7.441406250000000000e-01
7.443829371540214845e-01
7.446254071661237983e-01
7.448680351906158403e-01
7.453537658950114553e-01
7.455968688845401315e-01
7.455138662316476150e-01
7.454308093994778117e-01
7.459177008491182370e-01
7.461613851682457055e-01
7.466492317750899055e-01
7.465663832570307301e-01
7.468105986261039941e-01
7.470549738219894875e-01
7.472995090016366637e-01
7.475442043222003674e-01
7.477890599410416117e-01
7.480340760157273561e-01
7.482792527040315056e-01
7.485245901639344668e-01
7.484421121679238897e-01
7.486876640419947160e-01
7.489333770922218525e-01
7.491792514773473188e-01
7.494252873563218564e-01
7.496714848883048177e-01
7.499178442326651650e-01
7.501643655489809159e-01
7.504110489970404752e-01
7.506578947368420796e-01
7.509049029285949084e-01
7.511520737327188613e-01
7.516469038208168918e-01
7.518945634266885891e-01
7.521423862887277600e-01
7.523903725684141230e-01
7.526385224274406704e-01
7.528868360277136684e-01
7.531353135313531011e-01
7.533839551006933366e-01
7.536327608982826831e-01
7.538817310868847210e-01
7.541308658294778589e-01
7.543801652892562215e-01
7.542989417989417467e-01
7.545484617929208992e-01
7.547981469225678586e-01
7.550479973518702259e-01
7.552980132450330952e-01
7.557985420808482901e-01
7.560490553529997104e-01
7.562997347480105992e-01
7.565505804311773996e-01
7.568015925680159350e-01
7.570527713242615198e-01
7.573041168658698474e-01
7.575556293590169910e-01
7.578073089700996245e-01
7.580591558657361340e-01
7.583111702127659504e-01
7.585633521782507716e-01
7.584830339321356751e-01
7.587354409317803583e-01
7.586551264980027076e-01
7.589077589077588559e-01
7.591605596269154210e-01
7.590803065644785574e-01
7.593333333333333046e-01
7.592530843614537783e-01
7.595063375583722687e-01
7.597597597597597341e-01
7.600133511348464710e-01
7.602671118530884842e-01
7.605210420841683749e-01
7.604410290678249584e-01
7.606951871657754438e-01
7.609495152123035844e-01
7.614586818333890506e-01
7.617135207496653626e-01
7.619685302979578578e-01
7.622237106496986270e-01
7.624790619765494659e-01
7.627345844504020977e-01
7.629902782433791719e-01
7.629107981220657475e-01
7.631667225763166806e-01
7.634228187919462894e-01
7.636790869419267658e-01
7.639355271994626717e-01
7.641921397379912717e-01
7.647058823529411242e-01
7.649630127774041943e-01
7.648839556004036755e-01
7.651413189771197887e-01
7.653988556041736446e-01
7.656565656565657019e-01
7.659144493095317863e-01
7.661725067385444232e-01
7.664307381193123936e-01
7.663519892110586262e-01
7.666104553119730269e-01
7.668690958164642302e-01
7.667904151198110529e-01
7.667116812964213102e-01
7.669706180344477708e-01
7.672297297297296925e-01
7.674890165596485181e-01
7.677484787018256096e-01
7.680081163341224704e-01
7.682679296346414111e-01
7.687880839539606992e-01
7.690484253301727025e-01
7.693089430894308745e-01
7.695696374110471139e-01
7.698305084745762361e-01
7.700915564598168617e-01
7.700135685210311998e-01
7.705363204344873873e-01
7.707979626485568225e-01
7.710597826086956763e-01
7.713217804960924573e-01
7.715839564921821436e-01
7.718463107786467381e-01
7.721088435374149350e-01
7.723715549506634526e-01
7.722940776038120791e-01
7.725570309839973060e-01
7.728201634877384096e-01
7.730834752981260438e-01
7.733469665985003294e-01
7.736106375724514095e-01
7.741385192766974122e-01
7.744027303754266178e-01
7.746671218846022944e-01
7.749316939890710243e-01
7.751964468739322989e-01
7.754613807245386292e-01
7.757264957264957683e-01
7.756497948016415345e-01
7.759151556619910961e-01
7.761806981519506765e-01
7.764464224580622798e-01
7.763698630136985912e-01
7.766358341897909856e-01
7.769019876627827337e-01
7.771683236201576417e-01
7.774348422496570876e-01
7.777015437392795771e-01
7.776252573781743394e-01
7.778922073463783171e-01
7.781593406593406703e-01
7.784266575060116988e-01
7.786941580756013837e-01
7.789618425575799421e-01
7.792297111416781608e-01
7.794977640178878397e-01
7.797660013764624587e-01
7.799586776859503967e-01
7.802273510161901182e-01
7.801516195727085101e-01
7.804205446397793899e-01
7.806896551724138433e-01
7.812284334023464893e-01
7.814981014842941054e-01
7.817679558011049190e-01
7.816925734024179340e-01
7.819626814098133982e-01
7.822329761493259648e-01
7.825034578146611297e-01
7.827741265997925080e-01
7.826989619377162644e-01
7.829698857736241413e-01
7.832409972299169132e-01
7.835122965015587360e-01
7.837837837837837718e-01
7.840554592720970772e-01
7.843273231622746033e-01
7.845993756503641947e-01
7.848716169326855896e-01
7.847969455050329834e-01
7.850694444444444864e-01
7.853421326849600037e-01
7.856150104239054688e-01
7.858880778588808180e-01
7.861613351877607681e-01
7.859380438565959359e-01
7.862116991643454122e-01
7.864855451062348068e-01
7.864111498257839727e-01
7.866852561868247218e-01
7.869595536959553828e-01
7.868852459016393297e-01
7.871598046057222131e-01
7.870855148342059682e-01
7.873603351955307250e-01
7.876353475375480473e-01
7.875611460517121243e-01
7.878364208318769935e-01
7.881118881118881481e-01
7.883875480937391211e-01
7.886634009797061085e-01
7.889394469723486347e-01
7.892156862745097756e-01
7.894921190893169349e-01
7.897687456201821776e-01
7.900455660708026739e-01
7.896769662921347965e-01
7.899543378995433907e-01
7.902319044272663184e-01
7.907876230661040617e-01
7.910657755891663534e-01
7.913441238564391522e-01
7.916226680746215605e-01
7.919014084507042250e-01
7.921803451919690042e-01
7.921071176885130516e-01
7.920338385618611587e-01
7.918871252204585653e-01
7.921665490472830085e-01
7.920931874338157375e-01
7.922995407983044469e-01
7.922261484098940265e-01
7.925061859314245227e-01
7.927864214992927927e-01
7.930668553236646101e-01
7.933474876150035104e-01
7.936283185840707910e-01
7.939093484419263991e-01
7.941905773999291540e-01
7.944720056697377464e-01
7.947536334633108490e-01
7.950354609929077832e-01
7.953174884710890735e-01
7.952448545067423158e-01
7.955271565495207753e-01
7.958096590909090606e-01
7.957371225577264395e-01
7.960199004975124781e-01
7.963028794880909755e-01
7.965860597439544666e-01
7.968694414799003534e-01
7.970808116767532647e-01
7.973646723646723444e-01
7.976487353045956796e-01
7.975766215253029534e-01
7.978609625668449112e-01
7.981455064194008520e-01
7.984302533000356972e-01
7.983583154889364319e-01
7.986433416636915528e-01
7.989285714285714324e-01
7.988567345480528381e-01
7.991422444603287767e-01
7.994279585269932209e-01
7.993562231759656633e-01
7.996422182468694295e-01
7.999284180386542209e-01
8.002148227712136963e-01
8.005014326647564848e-01
8.007882479398065190e-01
8.010752688172042557e-01
8.010039440659734167e-01
8.012912482065996933e-01
8.012199497667743531e-01
8.011486001435750293e-01
8.014362657091561593e-01
8.017241379310344751e-01
8.020122170319798904e-01
8.023005032350827292e-01
8.022294138798993224e-01
8.028067650233896568e-01
8.030957523398127851e-01
8.039639639639639679e-01
8.038932948810382229e-01
8.038225748287053385e-01
8.041125541125541121e-01
8.044027426921689372e-01
8.043321299638989119e-01
8.042614662332971953e-01
8.041907514450866712e-01
8.044813877846043182e-01
8.047722342733188983e-01
8.047016274864375873e-01
8.046309696092619479e-01
8.045602605863192425e-01
8.048515568428674660e-01
8.051430641072074845e-01
8.054347826086956097e-01
8.053642624139181194e-01
8.055857816467174581e-01
8.055152394775035862e-01
8.054446460980035916e-01
8.057371096586782855e-01
8.060297856883399392e-01
8.063226744186046124e-01
8.061818181818182216e-01
8.064750818479446970e-01
8.067685589519650868e-01
8.070622497269749340e-01
8.069919883466860622e-01
8.072859744990892317e-01
8.075801749271136476e-01
8.075100255195042376e-01
8.078045222465354280e-01
8.077344035023713564e-01
8.086194302410518731e-01
8.085495067592254337e-01
8.084795321637426868e-01
8.087751371115173837e-01
8.090709583028529162e-01
8.093669959751189635e-01
8.092972181551976174e-01
8.095935554741853224e-01
8.098901098901098994e-01
8.101868816416269992e-01
8.100476714338100681e-01
8.103448275862068506e-01
8.102752293577981657e-01
8.105726872246695747e-01
8.108703635695924117e-01
8.111682586333578415e-01
8.114663726571113012e-01
8.117647058823529438e-01
8.120632585509378609e-01
8.123620309050773036e-01
8.122929701877070752e-01
8.125920471281296020e-01
8.128913443830571017e-01
8.131908621960206585e-01
8.131220051603390564e-01
8.134218289085545228e-01
8.137218738472887791e-01
8.140221402214021795e-01
8.143226282761166779e-01
8.146233382570162718e-01
8.149242704100480017e-01
8.152254249815225062e-01
8.155268022181145771e-01
8.158284023668639362e-01
8.161302256751756801e-01
8.160621761658031215e-01
8.163643095149945017e-01
8.166666666666666519e-01
8.169692478695813609e-01
8.175750834260289146e-01
8.178783382789317491e-01
8.181818181818182323e-01
8.180467879688080313e-01
8.183506686478454473e-01
8.186547751765143044e-01
8.189591078066914553e-01
8.192636667906284531e-01
8.195684523809523281e-01
8.195013025679196428e-01
8.194341027550260392e-01
8.200447093889716710e-01
8.199776369735370940e-01
8.202833706189410767e-01
8.202163371876165510e-01
8.205223880597014574e-01
8.204553938036580618e-01
8.203883495145630755e-01
8.206948076204706455e-01
8.210014947683108577e-01
8.209345794392522988e-01
8.212415856394913449e-01
8.215488215488215840e-01
8.218562874251497119e-01
8.221639835267690044e-01
8.220973782771535676e-01
8.220307231172724327e-01
8.219640179910044919e-01
8.218972628421447046e-01
8.222055513878470112e-01
8.225140712945591126e-01
8.231318062335711838e-01
8.234410217881292793e-01
8.237504697482149751e-01
8.240601503759398261e-01
8.239277652370202709e-01
8.242378622506586483e-01
8.245481927710843761e-01
8.257918552036198623e-01
8.261033572236892164e-01
8.264150943396226801e-01
8.270392749244712682e-01
8.273517189270872541e-01
8.272864701436130064e-01
8.271558245083207028e-01
8.274687854710556234e-01
8.277819833459499899e-01
8.277167739492616860e-01
8.280303030303030054e-01
8.279651383099658757e-01
8.282789992418498892e-01
8.285930982176715753e-01
8.285280728376327453e-01
8.288425047438330306e-01
8.294720850740600060e-01
8.294072948328267136e-01
8.300380228136882144e-01
8.302891933028919702e-01
8.306052531404644057e-01
8.305407463823305525e-01
8.311737804878048808e-01
8.314906595501334596e-01
8.314263920671243202e-01
8.317436093094239258e-01
8.316793893129771353e-01
8.323147440794499419e-01
8.322506687046236085e-01
8.321865443425076059e-01
8.325047801147227311e-01
8.328232593726090371e-01
8.327592805204745430e-01
8.330781010719755519e-01
8.333333333333333703e-01
8.336527405136067159e-01
8.335889570552147410e-01
8.341650671785029170e-01
8.339738662567256489e-01
8.342945021145713458e-01
8.346153846153846478e-01
8.349365140438630428e-01
8.352578906851424456e-01
8.355795148247978643e-01
8.359013867488443994e-01
8.365458750963762347e-01
8.364197530864198038e-01
8.367425704361250993e-01
8.373889532638084665e-01
8.377125193199381759e-01
8.380363355237726575e-01
8.383604021655065575e-01
8.389469608981804383e-01
8.388221619527315154e-01
8.391472868217054737e-01
8.390849166343543608e-01
8.390224980605119898e-01
8.389600310438494191e-01
8.396116504854368445e-01
8.399378399378399918e-01
8.402642829382044320e-01
8.402021772939346489e-01
8.401400233372228188e-01
8.404048267808486017e-01
8.403426791277258667e-01
8.406700428515777590e-01
8.409976617303195345e-01
8.413255360623781431e-01
8.412636505460218128e-01
8.415918845103393942e-01
8.419203747072599997e-01
8.422491214369386414e-01
8.429073856975380918e-01
8.432369038311180454e-01
8.431755964020336558e-01
8.435054773082941715e-01
8.438356164383561397e-01
8.441660140955363767e-01
8.444357366771160223e-01
8.442526480972930569e-01
8.445229681978798641e-01
8.444619010212097709e-01
8.451257861635219637e-01
8.456692913385827071e-01
8.456085072863331886e-01
8.454867954276704678e-01
8.458201892744479089e-01
8.457593688362918805e-01
8.456985003946330126e-01
8.455766192733017439e-01
8.454545454545454586e-01
8.453322784810126667e-01
8.456667985753858474e-01
8.460015835312747479e-01
8.459405940594059148e-01
8.458184700753071938e-01
8.461538461538461453e-01
8.464894882982942903e-01
8.464285714285714191e-01
8.471008737092931007e-01
8.469184890656064058e-01
8.471945881416633739e-01
8.478693747510951395e-01
8.484244116473873554e-01
8.482428115015974157e-01
8.482786228983186794e-01
8.486183420104125297e-01
8.489583333333333703e-01
8.488977955911823914e-01
8.488372093023255349e-01
8.491776975531488691e-01
8.495184590690209037e-01
8.494580489763147169e-01
8.493975903614457978e-01
8.493370831659300402e-01
8.496784565916398746e-01
8.496180136710896891e-01
8.498993963782696115e-01
8.502415458937198078e-01
8.501812323801852811e-01
8.505237711522964927e-01
8.508665860540104431e-01
8.508064516129032473e-01
8.511496571198063910e-01
8.518368994751716050e-01
8.521809369951535151e-01
8.521212121212121682e-01
8.528103517994338745e-01
8.527508090614887015e-01
8.529769137302551929e-01
8.529173419773096176e-01
8.532630725577624586e-01
8.532035685320357166e-01
8.530844155844156118e-01
8.534307754770604770e-01
8.541243396993092318e-01
8.540650406504065595e-01
8.544123627490849415e-01
8.547599674532140313e-01
8.551078551078551415e-01
8.556869139828781057e-01
8.559771521827825858e-01
8.559183673469388243e-01
8.558595345038790825e-01
8.558006535947711990e-01
8.563829787234042978e-01
8.562653562653562700e-01
8.562064727570667388e-01
8.561475409836065698e-01
8.564397046759638643e-01
8.567323481116584372e-01
8.566735112936344487e-01
8.566146261298274167e-01
8.564967105263158187e-01
8.566721581548599751e-01
8.573784006595218665e-01
8.573195876288659534e-01
8.572607260726072820e-01
8.582644628099173056e-01
8.589743589743589203e-01
8.592715231788079500e-01
8.605809128630705906e-01
8.609381486093814484e-01
8.612380556709596791e-01
8.614808652246256360e-01
8.621407746772178360e-01
8.617954070981210801e-01
8.620977852068533176e-01
8.623430962343096029e-01
8.627040602762662269e-01
8.625890238793464393e-01
8.628355704697986406e-01
8.629676334594367226e-01
8.629270350063263928e-01
8.628691983122362963e-01
8.627533783783783994e-01
8.630021141649049099e-01
8.638676844783714781e-01
8.642341960118795630e-01
8.653355989804587534e-01
8.655891110165886415e-01
8.659574468085106114e-01
8.665245202558635729e-01
8.664105847204438549e-01
8.668664383561643927e-01
8.685567010309278579e-01
8.687607573149741524e-01
8.709538195943029582e-01
8.719723183391003829e-01
8.733738074588031086e-01
8.743478260869564922e-01
8.745644599303136202e-01
8.768558951965065296e-01
8.785620341955282520e-01
8.795604395604396109e-01
8.815731330092797524e-01
8.843085106382978511e-01
8.863636363636363535e-01
8.881340579710145233e-01
8.901601830663615766e-01
8.941995359628770457e-01
8.989031950405340643e-01
1.000000000000000000e+00
