6.918918918918919303e-01
6.917067307692307265e-01
6.921226698737221739e-01
6.925391095066185665e-01
6.929560505719446484e-01
6.933734939759036431e-01
6.937914406268836931e-01
6.942098914354644101e-01
6.946288473144236475e-01
6.950483091787439394e-01
6.954682779456193842e-01
6.958887545344618619e-01
6.963097398669086946e-01
6.967312348668280864e-01
6.971532404603271171e-01
6.975757575757576268e-01
6.979987871437234315e-01
6.984223300970874293e-01
6.988463873709774843e-01
6.992709599027946421e-01
6.996960486322187922e-01
7.001216545012165504e-01
7.005477784540474762e-01
7.009744214372716220e-01
7.014015843997561950e-01
7.018292682926828840e-01
7.022574740695546325e-01
7.026862026862026323e-01
7.031154551007940956e-01
7.035452322738385833e-01
7.039755351681956652e-01
7.044063647490820257e-01
7.048377219840783470e-01
7.057020232985897756e-01
7.061349693251534054e-01
7.065684468999385848e-01
7.070024570024570076e-01
7.074370006146281087e-01
7.072570725707256756e-01
7.076923076923077316e-01
7.081280788177339858e-01
7.085643869377695747e-01
7.090012330456226808e-01
7.094386181369525257e-01
7.098765432098765871e-01
7.103150092649783698e-01
7.101359703337453144e-01
7.105751391465676692e-01
7.110148514851485357e-01
7.114551083591331704e-01
7.118959107806691611e-01
7.123372597644140880e-01
7.127791563275434061e-01
7.132216014897578837e-01
7.136645962732919291e-01
7.141081417029210288e-01
7.139303482587064931e-01
7.143746110765401003e-01
7.148194271481942419e-01
7.152647975077881526e-01
7.157107231920200041e-01
7.161572052401746769e-01
7.166042446941323085e-01
7.170518425983760658e-01
7.168750000000000400e-01
7.173233270794245886e-01
7.177722152690864110e-01
7.182216656230432372e-01
7.186716791979950170e-01
7.191222570532915803e-01
7.195734002509410754e-01
7.200251098556182949e-01
7.204773869346733361e-01
7.209302325581394832e-01
7.213836477987420892e-01
7.218376337319069025e-01
7.222921914357682827e-01
7.227473219911783042e-01
7.232030264817149723e-01
7.236593059936908823e-01
7.241161616161616577e-01
7.245735944409349427e-01
7.250316055625790623e-01
7.254901960784313486e-01
7.259493670886075778e-01
7.264091196960101859e-01
7.268694550063371507e-01
7.273303741280913171e-01
7.277918781725888353e-01
7.282539682539682646e-01
7.287166454891994549e-01
7.291799109980927618e-01
7.296437659033079282e-01
7.301082113303628551e-01
7.305732484076432609e-01
7.310388782664116736e-01
7.315051020408163129e-01
7.319719208679004163e-01
7.324393358876117865e-01
7.329073482428114517e-01
7.333759590792838789e-01
7.338451695457454127e-01
7.343149807938540441e-01
7.347853939782190702e-01
7.352564102564103088e-01
7.357280307889673132e-01
7.362002567394094754e-01
7.366730892742453518e-01
7.371465295629819892e-01
7.376205787781350276e-01
7.380952380952381375e-01
7.385705086928525676e-01
7.390463917525773585e-01
7.395228884590586693e-01
7.399999999999999911e-01
7.404777275661716951e-01
7.409560723514211356e-01
7.407886231415643508e-01
7.412677878395860231e-01
7.411003236245954362e-01
7.415803108808289856e-01
7.420609202851587982e-01
7.425421530479896504e-01
7.430240103828682496e-01
7.435064935064935598e-01
7.439896036387264600e-01
7.444733420026007353e-01
7.449577098243330697e-01
7.454427083333333703e-01
7.459283387622149819e-01
7.464146023468057889e-01
7.469015003261578745e-01
7.473890339425587337e-01
7.478772044415414877e-01
7.483660130718954306e-01
7.488554610856769100e-01
7.493455497382198738e-01
7.498362802881466394e-01
7.503276539973787740e-01
7.508196721311475308e-01
7.513123359580052840e-01
7.518056467498358542e-01
7.522996057818659432e-01
7.527942143326759039e-01
7.532894736842105088e-01
7.537853851217906076e-01
7.542819499341238965e-01
7.547791694133157980e-01
7.552770448548812299e-01
7.557755775577558177e-01
7.562747688243064426e-01
7.567746199603436752e-01
7.566137566137566273e-01
7.571144937127729513e-01
7.576158940397350605e-01
7.581179589131875618e-01
7.577969475779694486e-01
7.583001328021248266e-01
7.588039867109634962e-01
7.586436170212765839e-01
7.591483699268130048e-01
7.589880159786950298e-01
7.594936708860760000e-01
7.600000000000000089e-01
7.605070046697798292e-01
7.603471295060080237e-01
7.613636363636363535e-01
7.612040133779264250e-01
7.617135207496653626e-01
7.622237106496986270e-01
7.627345844504020977e-01
7.632461435278337092e-01
7.630872483221476932e-01
7.635997313633311467e-01
7.641129032258064946e-01
7.646267652992602137e-01
7.651413189771197887e-01
7.656565656565657019e-01
7.661725067385444232e-01
7.666891436277815108e-01
7.672064777327934904e-01
7.677245104659013997e-01
7.682432432432432234e-01
7.687626774847869937e-01
7.686062246278755339e-01
7.684495599187541881e-01
7.682926829268292845e-01
7.688135593220338793e-01
7.693351424694708784e-01
7.698574338085539814e-01
7.697010869565217295e-01
7.702243371855880261e-01
7.707482993197278809e-01
7.712729748127977736e-01
7.717983651226157926e-01
7.723244717109747359e-01
7.728512960436562107e-01
7.733788395904437341e-01
7.744360902255639223e-01
7.742818057455540526e-01
7.748117727583846426e-01
7.753424657534246922e-01
7.751884852638794010e-01
7.750342935528120591e-01
7.755662319835278096e-01
7.760989010989011172e-01
7.766323024054982982e-01
7.771664374140302423e-01
7.777013076393668456e-01
7.782369146005509997e-01
7.787732598208132462e-01
7.793103448275862100e-01
7.791580400276052476e-01
7.796961325966851319e-01
7.802349689011748302e-01
7.813148788927335442e-01
7.818559556786703890e-01
7.823977823977823487e-01
7.829403606102635083e-01
7.827897293546148827e-01
7.833333333333333259e-01
7.831827658095900091e-01
7.837273991655075989e-01
7.842727905358385376e-01
7.841225626740947474e-01
7.846689895470383425e-01
7.852161785216178469e-01
7.857641311933007966e-01
7.863128491620111626e-01
7.867132867132866636e-01
7.872638208537439120e-01
7.871148459383753293e-01
7.876664330763840649e-01
7.882187938288920392e-01
7.880701754385964763e-01
7.879213483146066954e-01
7.884750527055516267e-01
7.890295358649789259e-01
7.895847994370162048e-01
7.901408450704224817e-01
7.906976744186046124e-01
7.912552891396332777e-01
7.918136908962597476e-01
7.923728813559322015e-01
7.929328621908127150e-01
7.934936350777934688e-01
7.940552016985138462e-01
7.933238636363636465e-01
7.938877043354655161e-01
7.944523470839259804e-01
7.955840455840456071e-01
7.961511047754811221e-01
7.967189728958630202e-01
7.965738758029978772e-01
7.962830593280915137e-01
7.968526466380543294e-01
7.974230493915532847e-01
7.979942693409741716e-01
7.985663082437276517e-01
7.991391678622669081e-01
7.997128499641062982e-01
8.002873563218391162e-01
8.008626887131560235e-01
8.014388489208632560e-01
8.012958963282937885e-01
8.011527377521613369e-01
8.017303532804613830e-01
8.023088023088023046e-01
8.021660649819494227e-01
8.027456647398844014e-01
8.033261026753434342e-01
8.031837916063675475e-01
8.030412744388124580e-01
8.036231884057970509e-01
8.047895500725689155e-01
8.046477850399419429e-01
8.045058139534884134e-01
8.050909090909090793e-01
8.056768558951965531e-01
8.055353241077931603e-01
8.061224489795918435e-01
8.067104303428154211e-01
8.065693430656933893e-01
8.071585098612125142e-01
8.070175438596490780e-01
8.076079005120702092e-01
8.074670571010248432e-01
8.080586080586080744e-01
8.077769625825385047e-01
8.083700440528633901e-01
8.082292432035268481e-01
8.088235294117647189e-01
8.086828550404708826e-01
8.104719764011799610e-01
8.110701107011070166e-01
8.116691285081241158e-01
8.122690317812268912e-01
8.128698224852071164e-01
8.125925925925926441e-01
8.131949592290586004e-01
8.130563798219584415e-01
8.136599851521900684e-01
8.142644873699851349e-01
8.148698884758364125e-01
8.154761904761904656e-01
8.160833953834698562e-01
8.166915052160953481e-01
8.165548098434004531e-01
8.171641791044775838e-01
8.177744585511576014e-01
8.183856502242152775e-01
8.189977561705310549e-01
8.196107784431138077e-01
8.194756554307116581e-01
8.200899550224887147e-01
8.207051762940734685e-01
8.213213213213212960e-01
8.219383921863260278e-01
8.225563909774435967e-01
8.231753197893152407e-01
8.237951807228915957e-01
8.236623963828183514e-01
8.235294117647058432e-01
8.241509433962264097e-01
8.247734138972809825e-01
8.246409674981103333e-01
8.245083207261724167e-01
8.243754731264193447e-01
8.249999999999999556e-01
8.256254738438211227e-01
8.254931714719271341e-01
8.253606681852695415e-01
8.252279635258358281e-01
8.250950570342204804e-01
8.257229832572298145e-01
8.263518659558263257e-01
8.269817073170732113e-01
8.282442748091602969e-01
8.279816513761467656e-01
8.286151491966334826e-01
8.292496171516079428e-01
8.291187739463601325e-01
8.297546012269938487e-01
8.296239447429010205e-01
8.302611367127495923e-01
8.308993082244426898e-01
8.321785989222478808e-01
8.320493066255778558e-01
8.326908249807247753e-01
8.325617283950617065e-01
8.332046332046332271e-01
8.330757341576506825e-01
8.337200309358081540e-01
8.335913312693498112e-01
8.342370255615801922e-01
8.341085271317829619e-01
8.347556245151279697e-01
8.346273291925465632e-01
8.351477449455676494e-01
8.347622759158223049e-01
8.354134165366614573e-01
8.360655737704918433e-01
8.367187499999999556e-01
8.380281690140845008e-01
8.386844166014095769e-01
8.398744113029826819e-01
8.396226415094339979e-01
8.402832415420928847e-01
8.401574803149606252e-01
8.400315208825847035e-01
8.406940063091482562e-01
8.413575374901341997e-01
8.412322274881516293e-01
8.418972332015810522e-01
8.417721518987342222e-01
8.424386381631037146e-01
8.423137876386688205e-01
8.429817605075337061e-01
8.436507936507936511e-01
8.435266084193804303e-01
8.432776451869530288e-01
8.431528662420382236e-01
8.429027113237639313e-01
8.426517571884983848e-01
8.433253397282174380e-01
8.431999999999999496e-01
8.429487179487179516e-01
8.436246992782678866e-01
8.448553054662379935e-01
8.443548387096774244e-01
8.450363196125908472e-01
8.449111470113085387e-01
8.455941794664511013e-01
8.462783171521035541e-01
8.461538461538461453e-01
8.460291734197731284e-01
8.467153284671532498e-01
8.465909090909090606e-01
8.472786352558895340e-01
8.479674796747967980e-01
8.478437754271765936e-01
8.477198697068404343e-01
8.475957620211899135e-01
8.474714518760195769e-01
8.481632653061224048e-01
8.480392156862744946e-01
8.479149632052330743e-01
8.486088379705400975e-01
8.493038493038492787e-01
8.504519309778143521e-01
8.503289473684210176e-01
8.502057613168724215e-01
8.500823723228995155e-01
8.512396694214876547e-01
8.511166253101737356e-01
8.509933774834437248e-01
8.508699254349627594e-01
8.514522821576763212e-01
8.513289036544851029e-01
8.512053200332502234e-01
8.515429524603836953e-01
8.514190317195325930e-01
8.520066889632107454e-01
8.534338358458961604e-01
8.540268456375839090e-01
8.546218487394957597e-01
8.544995794785533727e-01
8.549747048903878488e-01
8.554522400676246585e-01
8.561759729272420127e-01
8.560541913632514488e-01
8.559322033898305593e-01
8.556876061120542998e-01
8.564146134239591923e-01
8.571428571428570953e-01
8.578723404255319540e-01
8.590947907771135927e-01
8.603256212510711487e-01
8.610634648370497635e-01
8.625429553264605254e-01
8.630490956072351949e-01
8.636755823986195235e-01
8.656845753899480300e-01
8.662033014769765504e-01
8.699825479930192174e-01
8.729184925503944426e-01
8.733509234828495948e-01
8.754416961130742081e-01
8.769911504424778848e-01
8.798932384341636714e-01
8.804347826086956763e-01
8.838060384263495273e-01
8.872458410351201641e-01
8.923809523809523858e-01
1.000000000000000000e+00
