7.093596059113300711e-01
7.090012330456226808e-01
7.098765432098765871e-01
7.107540173053151777e-01
7.116336633663365996e-01
7.125154894671623662e-01
7.133995037220843827e-01
7.142857142857143016e-01
7.151741293532338783e-01
7.160647571606475470e-01
7.169576059850374383e-01
7.178526841448189533e-01
7.187500000000000000e-01
7.196495619524405640e-01
7.205513784461152760e-01
7.214554579673776447e-01
7.223618090452261775e-01
7.232704402515722775e-01
7.241813602015113593e-01
7.250945775535939664e-01
7.260101010101009944e-01
7.269279393173198045e-01
7.278481012658227778e-01
7.287705956907477578e-01
7.296954314720812684e-01
7.306226175349428420e-01
7.315521628498727891e-01
7.324840764331209675e-01
7.334183673469387710e-01
7.343550446998723391e-01
7.352941176470588758e-01
7.362355953905249661e-01
7.371794871794872250e-01
7.381258023106547217e-01
7.390745501285347352e-01
7.400257400257400642e-01
7.409793814432990011e-01
7.419354838709677491e-01
7.428940568475451700e-01
7.438551099611901973e-01
7.448186528497409142e-01
7.457846952010376285e-01
7.467532467532467244e-01
7.464239271781534235e-01
7.473958333333333703e-01
7.483702737940025607e-01
7.493472584856396557e-01
7.503267973856209139e-01
7.513089005235602524e-01
7.522935779816514179e-01
7.532808398950131545e-01
7.542706964520368151e-01
7.552631578947368585e-01
7.562582345191041222e-01
7.572559366754617605e-01
7.582562747688242899e-01
7.592592592592593004e-01
7.602649006622516081e-01
7.612732095490716278e-01
7.622841965471447434e-01
7.632978723404255650e-01
7.643142476697736276e-01
7.653333333333333099e-01
7.663551401869158619e-01
7.657295850066934140e-01
7.667560321715817251e-01
7.664429530201342100e-01
7.674731182795698770e-01
7.671601615074024050e-01
7.681940700808624900e-01
7.692307692307692735e-01
7.702702702702702853e-01
7.699594046008119141e-01
7.720488466757123858e-01
7.717391304347825942e-01
7.727891156462585176e-01
7.724795640326975743e-01
7.735334242837653695e-01
7.745901639344262568e-01
7.756497948016415345e-01
7.767123287671232612e-01
7.777777777777777901e-01
7.774725274725274859e-01
7.771664374140302423e-01
7.782369146005509997e-01
7.779310344827585766e-01
7.790055248618784622e-01
7.800829875518672241e-01
7.811634349030470714e-01
7.822468793342579607e-01
7.833333333333333259e-01
7.844228094575799171e-01
7.855153203342618573e-01
7.866108786610879200e-01
7.877094972067039125e-01
7.874125874125874613e-01
7.885154061624649602e-01
7.882187938288920392e-01
7.893258426966291985e-01
7.890295358649789259e-01
7.901408450704224817e-01
7.912552891396332777e-01
7.909604519774011688e-01
7.920792079207921166e-01
7.932011331444759339e-01
7.943262411347518093e-01
7.940340909090909394e-01
7.951635846372688832e-01
7.962962962962962798e-01
7.974322396576319916e-01
7.971428571428571530e-01
7.982832618025751392e-01
7.994269340974211602e-01
8.005738880918220612e-01
8.017241379310344751e-01
8.028776978417265786e-01
8.040345821325648457e-01
8.026124818577649034e-01
8.037790697674418450e-01
8.049490538573508269e-01
8.061224489795918435e-01
8.072992700729927362e-01
8.084795321637426868e-01
8.096632503660322611e-01
8.108504398826978932e-01
8.120411160058736977e-01
8.132352941176470562e-01
8.129602356406480101e-01
8.141592920353982743e-01
8.153618906942392552e-01
8.150887573964497035e-01
8.148148148148147696e-01
8.145400593471809891e-01
8.142644873699851349e-01
8.154761904761904656e-01
8.166915052160953481e-01
8.179104477611940371e-01
8.191330343796711100e-01
8.188622754491018396e-01
8.185907046476761373e-01
8.198198198198197728e-01
8.192771084337349130e-01
8.205128205128204844e-01
8.202416918429003001e-01
8.239757207890743285e-01
8.252279635258358281e-01
8.264840182648401923e-01
8.277439024390244038e-01
8.290076335877862856e-01
8.302752293577981835e-01
8.315467075038285305e-01
8.328220858895705181e-01
8.341013824884793149e-01
8.353846153846153921e-01
8.351309707241910685e-01
8.364197530864198038e-01
8.377125193199381759e-01
8.390092879256966230e-01
8.387596899224806224e-01
8.385093167701863637e-01
8.398133748055988113e-01
8.395638629283489474e-01
8.393135725429017313e-01
8.390625000000000444e-01
8.388106416275430410e-01
8.385579937304075138e-01
8.398744113029826819e-01
8.411949685534590992e-01
8.425196850393700254e-01
8.451816745655608143e-01
8.465189873417721111e-01
8.478605388272583143e-01
8.476190476190476053e-01
8.489666136724960399e-01
8.516746411483253620e-01
8.514376996805111952e-01
8.528000000000000025e-01
8.541666666666666297e-01
8.539325842696628976e-01
8.553054662379421247e-01
8.546042003231018036e-01
8.559870550161812197e-01
8.573743922204214440e-01
8.587662337662337331e-01
8.601626016260162100e-01
8.599348534201954886e-01
8.594771241830065911e-01
8.608837970540098583e-01
8.622950819672131617e-01
8.637110016420361802e-01
8.634868421052631637e-01
8.649093904448105219e-01
8.646864686468647143e-01
8.661157024793388892e-01
8.658940397350993745e-01
8.654485049833886556e-01
8.652246256239600752e-01
8.647746243739565797e-01
8.662207357859531554e-01
8.657718120805368844e-01
8.672268907563025486e-01
8.701517706576727962e-01
8.692699490662139095e-01
8.707482993197278587e-01
8.705281090289608281e-01
8.703071672354948385e-01
8.717948717948718063e-01
8.732876712328767610e-01
8.730703259005145878e-01
8.728522336769759526e-01
8.739205526770293941e-01
8.737024221453286721e-01
8.734835355285961445e-01
8.730434782608695876e-01
8.728222996515679899e-01
8.726003490401396112e-01
8.736842105263158409e-01
8.750000000000000000e-01
8.747795414462080643e-01
8.745583038869257919e-01
8.741134751773049771e-01
8.738898756660745670e-01
8.736654804270462815e-01
8.752228163992870069e-01
8.763440860215053752e-01
8.774774774774775077e-01
8.790613718411551814e-01
8.786231884057971175e-01
8.800000000000000044e-01
8.816029143897996523e-01
8.848263254113345466e-01
8.864468864468864062e-01
8.876611418047881674e-01
8.872458410351201641e-01
8.888888888888888395e-01
8.901303538175046048e-01
8.912213740458014843e-01
8.976833976833976658e-01
9.009708737864077222e-01
8.986083499005964592e-01
1.000000000000000000e+00
