6.948130277442702285e-01
6.946902654867256333e-01
6.949698189134808635e-01
6.952495974235104459e-01
6.955296012887636214e-01
6.958098307816277250e-01
6.960902861749295178e-01
6.963709677419355204e-01
6.966518757563533448e-01
6.969330104923324720e-01
6.972143722244650288e-01
6.974959612277867871e-01
6.977777777777778301e-01
6.980598221503637735e-01
6.983420946219166536e-01
6.986245954692557047e-01
6.989073249696479140e-01
6.991902834008096868e-01
6.994734710409072909e-01
6.997568881685575226e-01
7.000405350628293721e-01
7.003244120032441344e-01
7.006085192697768527e-01
7.008928571428570953e-01
7.011774259033698442e-01
7.014622258326563831e-01
7.017472572125151853e-01
7.020325203252032464e-01
7.023180154534363062e-01
7.026037428803905138e-01
7.028897028897028720e-01
7.031758957654723474e-01
7.034623217922606475e-01
7.037489812550937751e-01
7.040358744394619173e-01
7.043230016313213326e-01
7.046103631170950177e-01
7.048979591836734837e-01
7.051857901184156452e-01
7.054738562091503740e-01
7.057621577441764993e-01
7.060506950122649172e-01
7.063394683026584797e-01
7.066284779050736597e-01
7.069177241097012176e-01
7.072072072072072002e-01
7.074969274887341619e-01
7.077868852459016091e-01
7.080770807708076653e-01
7.083675143560295151e-01
7.086581862946245147e-01
7.089490968801314130e-01
7.092402464065707957e-01
7.095316351684469725e-01
7.101151315789473450e-01
7.104072398190045545e-01
7.106995884773662508e-01
7.109921778509674661e-01
7.112850082372322857e-01
7.111660486196951236e-01
7.114591920857378238e-01
7.117525773195876315e-01
7.120462046204620865e-01
7.123400742880726666e-01
7.126341866226258981e-01
7.129285419248244660e-01
7.132231404958677690e-01
7.135179826374534739e-01
7.138130686517782930e-01
7.141083988415390937e-01
7.144039735099337873e-01
7.146997929606625499e-01
7.145816072908036665e-01
7.148777455449647489e-01
7.147595356550580092e-01
7.150559933637494758e-01
7.153526970954356967e-01
7.156496471564964823e-01
7.159468438538205692e-01
7.162442874948068416e-01
7.165419783873648862e-01
7.168399168399168797e-01
7.171381031613976997e-01
7.174365376612568124e-01
7.177352206494588271e-01
7.180341524364848294e-01
7.183333333333333792e-01
7.186327636515215112e-01
7.185154295246037881e-01
7.188151856487275948e-01
7.191151919866444198e-01
7.194154488517745527e-01
7.197159565580618645e-01
7.200167154199749175e-01
7.203177257525084087e-01
7.206189878711836139e-01
7.209205020920501639e-01
7.212222687316869330e-01
7.211055276381909129e-01
7.214076246334311104e-01
7.217099748533110093e-01
7.220125786163521520e-01
7.223154362416107643e-01
7.221989089383130667e-01
7.225020990764063900e-01
7.228055438891222151e-01
7.231092436974789761e-01
7.234131988230348975e-01
7.237174095878889934e-01
7.240218763146823999e-01
7.243265993265993741e-01
7.246315789473684044e-01
7.249368155012636539e-01
7.252423093131057374e-01
7.255480607082630540e-01
7.258540700126528966e-01
7.261603375527425630e-01
7.264668636555509096e-01
7.267736486486486847e-01
7.270806928601605268e-01
7.273879966187658530e-01
7.276955602536997469e-01
7.280033840947546242e-01
7.283114684722810095e-01
7.286198137171888689e-01
7.285048708174501897e-01
7.288135593220338437e-01
7.291225095379397780e-01
7.294317217981339807e-01
7.297411964361476544e-01
7.300509337860781045e-01
7.303609341825901824e-01
7.306711979609176177e-01
7.309817254568635736e-01
7.312925170068027558e-01
7.316035729476818572e-01
7.319148936170212227e-01
7.322264793529161819e-01
7.325383304940374929e-01
7.328504473796335628e-01
7.331628303495311139e-01
7.334754797441365159e-01
7.337883959044368964e-01
7.341015791720016948e-01
7.344150298889837725e-01
7.347287483981204126e-01
7.350427350427350959e-01
7.353569901667379449e-01
7.356715141146278336e-01
7.359863072314933863e-01
7.363013698630136439e-01
7.366167023554603954e-01
7.369323050556984001e-01
7.372481783111872744e-01
7.375643224699828249e-01
7.378807378807379358e-01
7.381974248927039017e-01
7.385143838557320928e-01
7.388316151202749538e-01
7.391491190373872255e-01
7.394668959587273882e-01
7.397849462365591044e-01
7.401032702237521077e-01
7.404218682737838675e-01
7.407407407407406996e-01
7.410598879793192095e-01
7.413793103448276245e-01
7.416990081931866818e-01
7.420189818809318494e-01
7.423392317652136585e-01
7.426597582037997025e-01
7.429805615550756359e-01
7.433016421780466176e-01
7.436230004323389764e-01
7.439446366782006548e-01
7.442665512765036517e-01
7.445887445887445777e-01
7.444781290601991675e-01
7.448006932409012570e-01
7.446900736887732686e-01
7.450130095403295627e-01
7.453362255965292338e-01
7.456597222222222099e-01
7.459834997828919123e-01
7.463075586446568099e-01
7.466318991742720845e-01
7.469565217391304079e-01
7.472814267072640515e-01
7.476066144473455521e-01
7.479320853286895998e-01
7.482578397212543697e-01
7.485838779956427436e-01
7.489102005231037529e-01
7.492368076755342443e-01
7.495636998254798788e-01
7.498908773461370192e-01
7.502183406113537290e-01
7.505460899956313270e-01
7.508741258741258306e-01
7.507651945780497993e-01
7.510936132983376812e-01
7.514223194748358425e-01
7.517513134851138146e-01
7.520805957074024883e-01
7.524101665205960021e-01
7.527400263042525186e-01
7.530701754385964453e-01
7.534006143045195447e-01
7.537313432835820448e-01
7.540623627580149702e-01
7.543936731107205862e-01
7.547252747252747307e-01
7.546174142480210900e-01
7.549494060712714782e-01
7.552816901408451189e-01
7.556142668428005305e-01
7.559471365638766871e-01
7.562802996914940179e-01
7.566137566137566273e-01
7.569475077194530721e-01
7.572815533980582492e-01
7.571743929359823211e-01
7.575088339222615375e-01
7.578435704816615104e-01
7.581786030061892223e-01
7.585139318885448789e-01
7.583001328021248266e-01
7.586359610274578946e-01
7.589720868409393084e-01
7.588652482269503396e-01
7.592017738359201351e-01
7.595385980479147925e-01
7.598757212605414813e-01
7.597690941385435437e-01
7.596623722789871413e-01
7.600000000000000089e-01
7.603379279679857161e-01
7.606761565836298589e-01
7.610146862483311292e-01
7.613535173642029807e-01
7.616926503340757382e-01
7.620320855614973743e-01
7.623718234507356195e-01
7.622658340767172191e-01
7.621597501115573436e-01
7.628405538186689983e-01
7.627345844504020977e-01
7.630755476084041256e-01
7.634168157423971701e-01
7.637583892617449965e-01
7.641002685765443392e-01
7.644424540976264559e-01
7.643369175627240386e-01
7.646795159121470009e-01
7.650224215246637094e-01
7.653656348138178078e-01
7.657091561938959012e-01
7.660529860799281110e-01
7.663971248876909614e-01
7.667415730337078239e-01
7.670863309352518034e-01
7.674313990103464045e-01
7.677767776777677522e-01
7.681224673570463679e-01
7.684684684684685019e-01
7.683641279855790707e-01
7.687105500450857054e-01
7.690572846188542533e-01
7.694043321299639526e-01
7.697516930022573201e-01
7.700993676603432592e-01
7.704473565295978377e-01
7.707956600361663968e-01
7.711442786069652167e-01
7.714932126696832926e-01
7.718424626527841115e-01
7.717391304347825942e-01
7.720888083371092447e-01
7.719854941069809184e-01
7.718820861678004075e-01
7.722323049001814654e-01
7.721289151157512132e-01
7.724795640326975743e-01
7.728305315765561234e-01
7.731818181818181923e-01
7.730786721236926340e-01
7.734303912647861878e-01
7.741347905282331965e-01
7.744874715261959031e-01
7.748404740200547369e-01
7.751937984496124479e-01
7.750912408759124128e-01
7.754450022820630339e-01
7.757990867579909189e-01
7.761534947464595602e-01
7.765082266910420250e-01
7.768632830361225095e-01
7.775743707093821788e-01
7.774725274725274859e-01
7.778286761337608324e-01
7.781851512373968438e-01
7.785419532324622249e-01
7.788990825688073549e-01
7.787976135842129555e-01
7.791551882460973077e-01
7.790537436839687357e-01
7.789522058823529216e-01
7.793103448275862100e-01
7.796688132474700605e-01
7.800276115968707291e-01
7.803867403314916906e-01
7.811059907834101423e-01
7.814661134163208844e-01
7.818265682656826421e-01
7.817258883248731083e-01
7.824480369515011136e-01
7.828096118299445738e-01
7.831715210355987278e-01
7.835337650323774827e-01
7.838963442850531704e-01
7.842592592592592116e-01
7.841593330245484328e-01
7.845227062094531911e-01
7.848864163189614995e-01
7.856148491879350049e-01
7.859795728876508569e-01
7.863446353924755661e-01
7.867100371747212106e-01
7.870757787075778333e-01
7.874418604651163278e-01
7.873429502093997057e-01
7.877094972067039125e-01
7.880763856544015233e-01
7.879776328052190415e-01
7.883449883449883400e-01
7.887126865671642006e-01
7.890807279514698847e-01
7.894491129785247141e-01
7.893507706679121494e-01
7.897196261682243312e-01
7.900888265544646627e-01
7.904583723105705895e-01
7.908282639213851661e-01
7.911985018726591656e-01
7.915690866510538548e-01
7.918424753867792099e-01
7.922138836772982806e-01
7.921163772876583797e-01
7.928604978863316166e-01
7.932330827067669565e-01
7.931358721203572992e-01
7.935089369708372420e-01
7.938823529411764834e-01
7.937853107344632342e-01
7.941592086669806427e-01
7.945334590009425213e-01
7.949080622347949321e-01
7.952830188679245182e-01
7.951864086833412282e-01
7.955618508026439661e-01
7.959376476145488821e-01
7.963137996219281645e-01
7.960246095598675353e-01
7.964015151515151381e-01
7.963050686878256901e-01
7.966824644549762580e-01
7.970602181128496611e-01
7.969639468690702389e-01
7.968675842429995271e-01
7.972459639126305841e-01
7.971496437054631512e-01
7.975285171102661774e-01
7.979077508321446022e-01
7.982873453853472911e-01
7.986673012851023268e-01
7.990476190476190066e-01
7.994282991900905078e-01
7.989493791786055343e-01
7.993311036789297885e-01
7.997131931166348018e-01
8.004784688995215669e-01
8.008616562948779327e-01
8.012452107279693925e-01
8.016291327264015720e-01
8.015340364333652934e-01
8.013435700575816112e-01
8.017282765242438325e-01
8.020182604517058778e-01
8.024038461538461897e-01
8.027898027898028310e-01
8.031761308950914335e-01
8.035628310062590263e-01
8.039499036608863669e-01
8.043373493975903843e-01
8.042430086788814325e-01
8.046309696092619479e-01
8.050193050193049649e-01
8.054080154514726697e-01
8.057971014492754103e-01
8.061865635572740274e-01
8.065764023210831857e-01
8.064828253507498879e-01
8.063891577928363752e-01
8.067796610169492011e-01
8.066860465116278966e-01
8.070770722249152040e-01
8.074684772065955363e-01
8.073750606501698401e-01
8.077669902912620881e-01
8.081593006313744221e-01
8.085519922254615910e-01
8.089450656295575914e-01
8.093385214007782213e-01
8.097323600973236335e-01
8.096397273612463419e-01
8.095470043838285390e-01
8.099415204678362956e-01
8.098488542174548943e-01
8.106393362615910148e-01
8.110351562500000000e-01
8.109428431851489760e-01
8.108504398826978932e-01
8.112469437652811699e-01
8.116438356164383805e-01
8.115516397454723974e-01
8.114593535749264896e-01
8.118569328760411041e-01
8.122549019607843146e-01
8.121628249141735756e-01
8.120706575073601829e-01
8.119783996072655885e-01
8.123772102161099795e-01
8.122850122850122645e-01
8.125922282341367930e-01
8.125000000000000000e-01
8.124076809453470993e-01
8.128078817733990213e-01
8.126232741617357425e-01
8.130241736556487187e-01
8.134254689042448305e-01
8.138271604938271953e-01
8.142292490118576698e-01
8.146317350469599594e-01
8.145400593471809891e-01
8.149430974764967361e-01
8.148514851485147981e-01
8.160634605850273227e-01
8.159722222222222099e-01
8.163771712158809368e-01
8.167825223435948301e-01
8.171882762046696058e-01
8.170974155069582467e-01
8.175037294878170213e-01
8.179104477611940371e-01
8.183175709308113666e-01
8.181365221723966297e-01
8.185443668993021005e-01
8.184538653366583150e-01
8.188622754491018396e-01
8.192710933599600676e-01
8.196803196803197356e-01
8.200899550224887147e-01
8.205000000000000071e-01
8.209104552276138556e-01
8.213213213213212960e-01
8.212318477716574749e-01
8.216432865731463364e-01
8.220551378446114832e-01
8.219658976930792615e-01
8.223783241344706507e-01
8.227911646586345551e-01
8.232044198895027698e-01
8.236180904522613089e-01
8.240321769733534030e-01
8.244466800804829409e-01
8.248616004026170234e-01
8.252769385699899596e-01
8.251889168765742522e-01
8.256048387096773800e-01
8.260211800302571516e-01
8.268551236749116518e-01
8.272727272727272707e-01
8.276907529055078649e-01
8.281092012133468572e-01
8.285280728376327453e-01
8.289473684210526550e-01
8.293670886075948934e-01
8.292806484295845992e-01
8.291941206284845212e-01
8.296146044624745919e-01
8.300355149670217703e-01
8.299492385786801929e-01
8.303707465718639380e-01
8.302845528455284896e-01
8.301982714794102769e-01
8.306205493387589511e-01
8.305343511450381522e-01
8.309572301425661722e-01
8.313805399898115400e-01
8.312945973496431717e-01
8.312085670576236929e-01
8.311224489795918657e-01
8.310362429811127827e-01
8.314606741573034032e-01
8.318855390904446034e-01
8.327365728900255615e-01
8.331627430910951704e-01
8.335893497183819445e-01
8.335040983606557541e-01
8.339313172731932511e-01
8.343589743589743257e-01
8.352156057494866115e-01
8.351309707241910685e-01
8.349614395886889584e-01
8.353909465020575853e-01
8.358208955223880299e-01
8.357363542739444373e-01
8.361669242658423817e-01
8.360824742268041510e-01
8.365136668385765306e-01
8.369453044375645412e-01
8.368611254517295261e-01
8.377260981912144633e-01
8.380755302638386306e-01
8.385093167701863637e-01
8.384256861729674215e-01
8.392949714878175094e-01
8.397302904564315496e-01
8.396471198754540399e-01
8.400830737279335603e-01
8.399999999999999689e-01
8.399168399168399635e-01
8.403536141445657748e-01
8.402705515088449983e-01
8.407079646017698860e-01
8.406249999999999556e-01
8.405419489317352832e-01
8.408972352634324077e-01
8.406478578892372377e-01
8.410872974385781298e-01
8.415271966527196890e-01
8.419675562532705770e-01
8.424083769633508023e-01
8.428496595075956055e-01
8.437336130047194960e-01
8.435695538057742526e-01
8.440126050420168058e-01
8.444561219127693086e-01
8.449001051524710482e-01
8.457082675092153501e-01
8.455455983131260345e-01
8.459915611814345926e-01
8.459102902374669997e-01
8.458289334741287968e-01
8.457474907554146659e-01
8.466419883659439538e-01
8.470899470899471151e-01
8.475383800952884794e-01
8.474576271186440302e-01
8.473767885532591526e-01
8.472958642629904169e-01
8.472148541114058462e-01
8.476645435244161142e-01
8.481147105682421694e-01
8.480340063761955260e-01
8.484848484848485084e-01
8.489361702127659060e-01
8.498402555910543610e-01
8.497602557272242452e-01
8.502132196162046629e-01
8.506666666666666821e-01
8.510411105178857794e-01
8.509615384615384359e-01
8.508818813468733699e-01
8.517924023542000622e-01
8.516336368505623700e-01
8.515541264737406246e-01
8.514745308310991412e-01
8.513150831991411760e-01
8.511552928533047124e-01
8.509951586874663354e-01
8.514531754574811151e-01
8.513731825525040486e-01
8.518318965517240882e-01
8.516720604099244918e-01
8.521316783594171662e-01
8.530524041058886731e-01
8.538170005414185137e-01
8.535791757049892015e-01
8.531810766721044104e-01
8.536452665941240969e-01
8.535655960805661469e-01
8.534858387799564294e-01
8.539509536784740673e-01
8.544165757906215797e-01
8.543371522094926895e-01
8.542576419213974148e-01
8.547241944292736093e-01
8.546448087431693930e-01
8.545653362493165206e-01
8.550328227571115658e-01
8.555008210180623518e-01
8.554216867469879304e-01
8.558904109589040576e-01
8.558114035087719396e-01
8.567508232711306126e-01
8.566721581548599751e-01
8.569856985698569574e-01
8.569069895432031014e-01
8.573788546255506349e-01
8.573002754820936433e-01
8.571428571428570953e-01
8.570640176600441418e-01
8.575372722252898594e-01
8.580110497237568579e-01
8.588039867109634740e-01
8.592017738359202239e-01
8.591236827509706186e-01
8.590455049944506483e-01
8.598442714126807163e-01
8.597662771285475847e-01
8.596881959910913640e-01
8.596100278551531693e-01
8.595317725752508187e-01
8.599330357142856984e-01
8.598548297040758959e-01
8.597765363128491156e-01
8.596196868008948444e-01
8.598654708520179213e-01
8.608305274971941312e-01
8.607523862998315289e-01
8.606741573033708237e-01
8.615644344400675836e-01
8.619718309859154548e-01
8.627893845285149466e-01
8.631995477671000616e-01
8.635334088335220315e-01
8.639455782312924770e-01
8.637911464245175974e-01
8.637137989778534974e-01
8.640500568828214378e-01
8.645418326693227185e-01
8.648802736602052565e-01
8.653736451796919527e-01
8.654836863194046437e-01
8.654066437571592552e-01
8.653295128939828551e-01
8.656716417910447214e-01
8.655172413793102981e-01
8.665132336018411818e-01
8.669354838709677491e-01
8.674351585014409283e-01
8.679354094579008194e-01
8.678592036930178333e-01
8.687102371312898086e-01
8.694895591647331390e-01
8.699186991869918284e-01
8.719441210710128232e-01
8.728121353558926376e-01
8.731735827001753103e-01
8.744868035190616062e-01
8.748531139835488135e-01
8.779481132075471761e-01
8.799526907155529321e-01
8.802608180201541010e-01
8.814770696843359232e-01
8.825283243887894757e-01
8.842231553689262613e-01
8.850855745721271095e-01
8.875849289684990540e-01
8.908296943231440723e-01
8.935214881334188064e-01
1.000000000000000000e+00
