1.000000000000000000e+00
9.995659722222222099e-01
9.995659722222222099e-01
9.995659722222222099e-01
9.995659722222222099e-01
9.995659722222222099e-01
9.995659722222222099e-01
9.995659722222222099e-01
9.995659722222222099e-01
9.995659722222222099e-01
9.995659722222222099e-01
9.995659722222222099e-01
9.995659722222222099e-01
9.995659722222222099e-01
9.995659722222222099e-01
9.995659722222222099e-01
9.995659722222222099e-01
9.995659722222222099e-01
9.995659722222222099e-01
9.995659722222222099e-01
9.995659722222222099e-01
9.995659722222222099e-01
9.995659722222222099e-01
9.995659722222222099e-01
9.995659722222222099e-01
9.995659722222222099e-01
9.995659722222222099e-01
9.995659722222222099e-01
9.995659722222222099e-01
9.995659722222222099e-01
9.995659722222222099e-01
9.995659722222222099e-01
9.995659722222222099e-01
9.995659722222222099e-01
9.995659722222222099e-01
9.995659722222222099e-01
9.995659722222222099e-01
9.995659722222222099e-01
9.995659722222222099e-01
9.995659722222222099e-01
9.995659722222222099e-01
9.995659722222222099e-01
9.995659722222222099e-01
9.995659722222222099e-01
9.995659722222222099e-01
9.995659722222222099e-01
9.995659722222222099e-01
9.995659722222222099e-01
9.995659722222222099e-01
9.995659722222222099e-01
9.995659722222222099e-01
9.995659722222222099e-01
9.995659722222222099e-01
9.995659722222222099e-01
9.995659722222222099e-01
9.995659722222222099e-01
9.995659722222222099e-01
9.995659722222222099e-01
9.995659722222222099e-01
9.995659722222222099e-01
9.995659722222222099e-01
9.995659722222222099e-01
9.995659722222222099e-01
9.995659722222222099e-01
9.995659722222222099e-01
9.995659722222222099e-01
9.995659722222222099e-01
9.995659722222222099e-01
9.995659722222222099e-01
9.995659722222222099e-01
9.995659722222222099e-01
9.995659722222222099e-01
9.995659722222222099e-01
9.995659722222222099e-01
9.995659722222222099e-01
9.995659722222222099e-01
9.995659722222222099e-01
9.995659722222222099e-01
9.995659722222222099e-01
9.995659722222222099e-01
9.995659722222222099e-01
9.995659722222222099e-01
9.995659722222222099e-01
9.995659722222222099e-01
9.995659722222222099e-01
9.995659722222222099e-01
9.995659722222222099e-01
9.995659722222222099e-01
9.995659722222222099e-01
9.995659722222222099e-01
9.995659722222222099e-01
9.995659722222222099e-01
9.995659722222222099e-01
9.995659722222222099e-01
9.995659722222222099e-01
9.995659722222222099e-01
9.995659722222222099e-01
9.995659722222222099e-01
9.995659722222222099e-01
9.995659722222222099e-01
9.995659722222222099e-01
9.995659722222222099e-01
9.995659722222222099e-01
9.995659722222222099e-01
9.995659722222222099e-01
9.995659722222222099e-01
9.995659722222222099e-01
9.995659722222222099e-01
9.995659722222222099e-01
9.995659722222222099e-01
9.995659722222222099e-01
9.995659722222222099e-01
9.995659722222222099e-01
9.995659722222222099e-01
9.995659722222222099e-01
9.995659722222222099e-01
9.995659722222222099e-01
9.995659722222222099e-01
9.995659722222222099e-01
9.995659722222222099e-01
9.995659722222222099e-01
9.995659722222222099e-01
9.995659722222222099e-01
9.995659722222222099e-01
9.995659722222222099e-01
9.995659722222222099e-01
9.991319444444444198e-01
9.991319444444444198e-01
9.991319444444444198e-01
9.991319444444444198e-01
9.991319444444444198e-01
9.991319444444444198e-01
9.991319444444444198e-01
9.991319444444444198e-01
9.991319444444444198e-01
9.991319444444444198e-01
9.991319444444444198e-01
9.991319444444444198e-01
9.991319444444444198e-01
9.991319444444444198e-01
9.991319444444444198e-01
9.991319444444444198e-01
9.991319444444444198e-01
9.991319444444444198e-01
9.991319444444444198e-01
9.991319444444444198e-01
9.991319444444444198e-01
9.991319444444444198e-01
9.991319444444444198e-01
9.991319444444444198e-01
9.991319444444444198e-01
9.991319444444444198e-01
9.991319444444444198e-01
9.991319444444444198e-01
9.991319444444444198e-01
9.991319444444444198e-01
9.991319444444444198e-01
9.986979166666666297e-01
9.986979166666666297e-01
9.986979166666666297e-01
9.986979166666666297e-01
9.982638888888888395e-01
9.982638888888888395e-01
9.982638888888888395e-01
9.982638888888888395e-01
9.982638888888888395e-01
9.982638888888888395e-01
9.982638888888888395e-01
9.982638888888888395e-01
9.982638888888888395e-01
9.982638888888888395e-01
9.982638888888888395e-01
9.982638888888888395e-01
9.982638888888888395e-01
9.982638888888888395e-01
9.982638888888888395e-01
9.982638888888888395e-01
9.982638888888888395e-01
9.982638888888888395e-01
9.982638888888888395e-01
9.982638888888888395e-01
9.982638888888888395e-01
9.982638888888888395e-01
9.982638888888888395e-01
9.982638888888888395e-01
9.982638888888888395e-01
9.982638888888888395e-01
9.982638888888888395e-01
9.982638888888888395e-01
9.978298611111111605e-01
9.978298611111111605e-01
9.978298611111111605e-01
9.978298611111111605e-01
9.978298611111111605e-01
9.978298611111111605e-01
9.978298611111111605e-01
9.978298611111111605e-01
9.978298611111111605e-01
9.978298611111111605e-01
9.978298611111111605e-01
9.978298611111111605e-01
9.978298611111111605e-01
9.978298611111111605e-01
9.978298611111111605e-01
9.978298611111111605e-01
9.978298611111111605e-01
9.978298611111111605e-01
9.978298611111111605e-01
9.978298611111111605e-01
9.978298611111111605e-01
9.978298611111111605e-01
9.978298611111111605e-01
9.978298611111111605e-01
9.978298611111111605e-01
9.978298611111111605e-01
9.978298611111111605e-01
9.978298611111111605e-01
9.973958333333333703e-01
9.973958333333333703e-01
9.973958333333333703e-01
9.973958333333333703e-01
9.973958333333333703e-01
9.973958333333333703e-01
9.973958333333333703e-01
9.973958333333333703e-01
9.973958333333333703e-01
9.973958333333333703e-01
9.973958333333333703e-01
9.969618055555555802e-01
9.969618055555555802e-01
9.969618055555555802e-01
9.969618055555555802e-01
9.969618055555555802e-01
9.969618055555555802e-01
9.969618055555555802e-01
9.969618055555555802e-01
9.969618055555555802e-01
9.969618055555555802e-01
9.969618055555555802e-01
9.969618055555555802e-01
9.969618055555555802e-01
9.969618055555555802e-01
9.969618055555555802e-01
9.969618055555555802e-01
9.969618055555555802e-01
9.969618055555555802e-01
9.969618055555555802e-01
9.969618055555555802e-01
9.969618055555555802e-01
9.969618055555555802e-01
9.969618055555555802e-01
9.969618055555555802e-01
9.969618055555555802e-01
9.969618055555555802e-01
9.969618055555555802e-01
9.969618055555555802e-01
9.969618055555555802e-01
9.969618055555555802e-01
9.969618055555555802e-01
9.969618055555555802e-01
9.969618055555555802e-01
9.969618055555555802e-01
9.969618055555555802e-01
9.969618055555555802e-01
9.969618055555555802e-01
9.969618055555555802e-01
9.969618055555555802e-01
9.969618055555555802e-01
9.969618055555555802e-01
9.969618055555555802e-01
9.969618055555555802e-01
9.969618055555555802e-01
9.969618055555555802e-01
9.969618055555555802e-01
9.965277777777777901e-01
9.965277777777777901e-01
9.965277777777777901e-01
9.965277777777777901e-01
9.965277777777777901e-01
9.965277777777777901e-01
9.965277777777777901e-01
9.965277777777777901e-01
9.965277777777777901e-01
9.965277777777777901e-01
9.965277777777777901e-01
9.965277777777777901e-01
9.965277777777777901e-01
9.965277777777777901e-01
9.965277777777777901e-01
9.965277777777777901e-01
9.965277777777777901e-01
9.965277777777777901e-01
9.965277777777777901e-01
9.965277777777777901e-01
9.965277777777777901e-01
9.965277777777777901e-01
9.965277777777777901e-01
9.965277777777777901e-01
9.965277777777777901e-01
9.965277777777777901e-01
9.965277777777777901e-01
9.965277777777777901e-01
9.965277777777777901e-01
9.965277777777777901e-01
9.965277777777777901e-01
9.965277777777777901e-01
9.965277777777777901e-01
9.965277777777777901e-01
9.965277777777777901e-01
9.965277777777777901e-01
9.965277777777777901e-01
9.965277777777777901e-01
9.965277777777777901e-01
9.965277777777777901e-01
9.965277777777777901e-01
9.965277777777777901e-01
9.965277777777777901e-01
9.965277777777777901e-01
9.965277777777777901e-01
9.965277777777777901e-01
9.965277777777777901e-01
9.965277777777777901e-01
9.965277777777777901e-01
9.965277777777777901e-01
9.965277777777777901e-01
9.965277777777777901e-01
9.965277777777777901e-01
9.965277777777777901e-01
9.965277777777777901e-01
9.965277777777777901e-01
9.965277777777777901e-01
9.965277777777777901e-01
9.965277777777777901e-01
9.965277777777777901e-01
9.965277777777777901e-01
9.965277777777777901e-01
9.965277777777777901e-01
9.965277777777777901e-01
9.965277777777777901e-01
9.965277777777777901e-01
9.965277777777777901e-01
9.965277777777777901e-01
9.965277777777777901e-01
9.965277777777777901e-01
9.965277777777777901e-01
9.965277777777777901e-01
9.965277777777777901e-01
9.965277777777777901e-01
9.965277777777777901e-01
9.965277777777777901e-01
9.965277777777777901e-01
9.965277777777777901e-01
9.965277777777777901e-01
9.965277777777777901e-01
9.960937500000000000e-01
9.960937500000000000e-01
9.960937500000000000e-01
9.960937500000000000e-01
9.960937500000000000e-01
9.960937500000000000e-01
9.956597222222222099e-01
9.956597222222222099e-01
9.956597222222222099e-01
9.956597222222222099e-01
9.956597222222222099e-01
9.956597222222222099e-01
9.956597222222222099e-01
9.956597222222222099e-01
9.956597222222222099e-01
9.956597222222222099e-01
9.956597222222222099e-01
9.956597222222222099e-01
9.956597222222222099e-01
9.956597222222222099e-01
9.956597222222222099e-01
9.956597222222222099e-01
9.956597222222222099e-01
9.956597222222222099e-01
9.956597222222222099e-01
9.956597222222222099e-01
9.956597222222222099e-01
9.956597222222222099e-01
9.956597222222222099e-01
9.956597222222222099e-01
9.956597222222222099e-01
9.956597222222222099e-01
9.956597222222222099e-01
9.956597222222222099e-01
9.956597222222222099e-01
9.956597222222222099e-01
9.956597222222222099e-01
9.956597222222222099e-01
9.956597222222222099e-01
9.956597222222222099e-01
9.952256944444444198e-01
9.952256944444444198e-01
9.952256944444444198e-01
9.952256944444444198e-01
9.952256944444444198e-01
9.952256944444444198e-01
9.952256944444444198e-01
9.952256944444444198e-01
9.952256944444444198e-01
9.952256944444444198e-01
9.952256944444444198e-01
9.952256944444444198e-01
9.952256944444444198e-01
9.952256944444444198e-01
9.952256944444444198e-01
9.952256944444444198e-01
9.952256944444444198e-01
9.952256944444444198e-01
9.952256944444444198e-01
9.952256944444444198e-01
9.952256944444444198e-01
9.952256944444444198e-01
9.952256944444444198e-01
9.952256944444444198e-01
9.952256944444444198e-01
9.952256944444444198e-01
9.952256944444444198e-01
9.952256944444444198e-01
9.947916666666666297e-01
9.947916666666666297e-01
9.947916666666666297e-01
9.947916666666666297e-01
9.947916666666666297e-01
9.947916666666666297e-01
9.947916666666666297e-01
9.947916666666666297e-01
9.947916666666666297e-01
9.947916666666666297e-01
9.947916666666666297e-01
9.947916666666666297e-01
9.947916666666666297e-01
9.947916666666666297e-01
9.947916666666666297e-01
9.947916666666666297e-01
9.947916666666666297e-01
9.943576388888888395e-01
9.943576388888888395e-01
9.943576388888888395e-01
9.943576388888888395e-01
9.943576388888888395e-01
9.943576388888888395e-01
9.943576388888888395e-01
9.943576388888888395e-01
9.943576388888888395e-01
9.943576388888888395e-01
9.943576388888888395e-01
9.943576388888888395e-01
9.943576388888888395e-01
9.934895833333333703e-01
9.934895833333333703e-01
9.934895833333333703e-01
9.930555555555555802e-01
9.930555555555555802e-01
9.930555555555555802e-01
9.930555555555555802e-01
9.930555555555555802e-01
9.930555555555555802e-01
9.930555555555555802e-01
9.930555555555555802e-01
9.930555555555555802e-01
9.930555555555555802e-01
9.930555555555555802e-01
9.926215277777777901e-01
9.926215277777777901e-01
9.926215277777777901e-01
9.921875000000000000e-01
9.921875000000000000e-01
9.921875000000000000e-01
9.921875000000000000e-01
9.921875000000000000e-01
9.921875000000000000e-01
9.921875000000000000e-01
9.921875000000000000e-01
9.921875000000000000e-01
9.921875000000000000e-01
9.921875000000000000e-01
9.921875000000000000e-01
9.921875000000000000e-01
9.921875000000000000e-01
9.921875000000000000e-01
9.921875000000000000e-01
9.917534722222222099e-01
9.913194444444444198e-01
9.913194444444444198e-01
9.913194444444444198e-01
9.913194444444444198e-01
9.908854166666666297e-01
9.908854166666666297e-01
9.908854166666666297e-01
9.908854166666666297e-01
9.908854166666666297e-01
9.908854166666666297e-01
9.908854166666666297e-01
9.908854166666666297e-01
9.908854166666666297e-01
9.904513888888888395e-01
9.904513888888888395e-01
9.904513888888888395e-01
9.904513888888888395e-01
9.904513888888888395e-01
9.904513888888888395e-01
9.904513888888888395e-01
9.904513888888888395e-01
9.904513888888888395e-01
9.904513888888888395e-01
9.904513888888888395e-01
9.904513888888888395e-01
9.904513888888888395e-01
9.904513888888888395e-01
9.904513888888888395e-01
9.904513888888888395e-01
9.904513888888888395e-01
9.904513888888888395e-01
9.904513888888888395e-01
9.904513888888888395e-01
9.904513888888888395e-01
9.904513888888888395e-01
9.904513888888888395e-01
9.904513888888888395e-01
9.900173611111111605e-01
9.900173611111111605e-01
9.900173611111111605e-01
9.900173611111111605e-01
9.900173611111111605e-01
9.900173611111111605e-01
9.900173611111111605e-01
9.900173611111111605e-01
9.900173611111111605e-01
9.900173611111111605e-01
9.900173611111111605e-01
9.900173611111111605e-01
9.900173611111111605e-01
9.900173611111111605e-01
9.900173611111111605e-01
9.900173611111111605e-01
9.900173611111111605e-01
9.895833333333333703e-01
9.895833333333333703e-01
9.891493055555555802e-01
9.891493055555555802e-01
9.891493055555555802e-01
9.887152777777777901e-01
9.887152777777777901e-01
9.882812500000000000e-01
9.882812500000000000e-01
9.882812500000000000e-01
9.882812500000000000e-01
9.882812500000000000e-01
9.882812500000000000e-01
9.878472222222222099e-01
9.878472222222222099e-01
9.878472222222222099e-01
9.878472222222222099e-01
9.878472222222222099e-01
9.878472222222222099e-01
9.878472222222222099e-01
9.878472222222222099e-01
9.878472222222222099e-01
9.878472222222222099e-01
9.874131944444444198e-01
9.874131944444444198e-01
9.874131944444444198e-01
9.874131944444444198e-01
9.874131944444444198e-01
9.874131944444444198e-01
9.874131944444444198e-01
9.874131944444444198e-01
9.869791666666666297e-01
9.869791666666666297e-01
9.869791666666666297e-01
9.869791666666666297e-01
9.869791666666666297e-01
9.869791666666666297e-01
9.869791666666666297e-01
9.865451388888888395e-01
9.865451388888888395e-01
9.865451388888888395e-01
9.861111111111111605e-01
9.856770833333333703e-01
9.856770833333333703e-01
9.856770833333333703e-01
9.856770833333333703e-01
9.856770833333333703e-01
9.856770833333333703e-01
9.856770833333333703e-01
9.856770833333333703e-01
9.856770833333333703e-01
9.856770833333333703e-01
9.856770833333333703e-01
9.856770833333333703e-01
9.856770833333333703e-01
9.852430555555555802e-01
9.852430555555555802e-01
9.852430555555555802e-01
9.852430555555555802e-01
9.852430555555555802e-01
9.852430555555555802e-01
9.852430555555555802e-01
9.852430555555555802e-01
9.852430555555555802e-01
9.848090277777777901e-01
9.848090277777777901e-01
9.848090277777777901e-01
9.848090277777777901e-01
9.848090277777777901e-01
9.848090277777777901e-01
9.848090277777777901e-01
9.848090277777777901e-01
9.848090277777777901e-01
9.848090277777777901e-01
9.848090277777777901e-01
9.848090277777777901e-01
9.848090277777777901e-01
9.843750000000000000e-01
9.843750000000000000e-01
9.843750000000000000e-01
9.843750000000000000e-01
9.839409722222222099e-01
9.839409722222222099e-01
9.839409722222222099e-01
9.839409722222222099e-01
9.839409722222222099e-01
9.839409722222222099e-01
9.835069444444444198e-01
9.835069444444444198e-01
9.835069444444444198e-01
9.835069444444444198e-01
9.835069444444444198e-01
9.835069444444444198e-01
9.835069444444444198e-01
9.835069444444444198e-01
9.835069444444444198e-01
9.830729166666666297e-01
9.830729166666666297e-01
9.826388888888888395e-01
9.826388888888888395e-01
9.826388888888888395e-01
9.826388888888888395e-01
9.826388888888888395e-01
9.826388888888888395e-01
9.822048611111111605e-01
9.822048611111111605e-01
9.822048611111111605e-01
9.822048611111111605e-01
9.822048611111111605e-01
9.817708333333333703e-01
9.817708333333333703e-01
9.817708333333333703e-01
9.817708333333333703e-01
9.817708333333333703e-01
9.817708333333333703e-01
9.817708333333333703e-01
9.817708333333333703e-01
9.817708333333333703e-01
9.813368055555555802e-01
9.813368055555555802e-01
9.813368055555555802e-01
9.813368055555555802e-01
9.813368055555555802e-01
9.813368055555555802e-01
9.800347222222222099e-01
9.800347222222222099e-01
9.800347222222222099e-01
9.796006944444444198e-01
9.796006944444444198e-01
9.796006944444444198e-01
9.791666666666666297e-01
9.791666666666666297e-01
9.787326388888888395e-01
9.787326388888888395e-01
9.787326388888888395e-01
9.782986111111111605e-01
9.782986111111111605e-01
9.782986111111111605e-01
9.782986111111111605e-01
9.782986111111111605e-01
9.782986111111111605e-01
9.782986111111111605e-01
9.782986111111111605e-01
9.782986111111111605e-01
9.782986111111111605e-01
9.761284722222222099e-01
9.761284722222222099e-01
9.761284722222222099e-01
9.761284722222222099e-01
9.761284722222222099e-01
9.761284722222222099e-01
9.761284722222222099e-01
9.761284722222222099e-01
9.761284722222222099e-01
9.756944444444444198e-01
9.752604166666666297e-01
9.743923611111111605e-01
9.743923611111111605e-01
9.739583333333333703e-01
9.735243055555555802e-01
9.730902777777777901e-01
9.730902777777777901e-01
9.730902777777777901e-01
9.730902777777777901e-01
9.730902777777777901e-01
9.730902777777777901e-01
9.730902777777777901e-01
9.730902777777777901e-01
9.730902777777777901e-01
9.730902777777777901e-01
9.730902777777777901e-01
9.730902777777777901e-01
9.726562500000000000e-01
9.726562500000000000e-01
9.726562500000000000e-01
9.722222222222222099e-01
9.722222222222222099e-01
9.722222222222222099e-01
9.722222222222222099e-01
9.722222222222222099e-01
9.717881944444444198e-01
9.717881944444444198e-01
9.717881944444444198e-01
9.713541666666666297e-01
9.713541666666666297e-01
9.713541666666666297e-01
9.713541666666666297e-01
9.709201388888888395e-01
9.709201388888888395e-01
9.709201388888888395e-01
9.704861111111111605e-01
9.704861111111111605e-01
9.704861111111111605e-01
9.700520833333333703e-01
9.700520833333333703e-01
9.700520833333333703e-01
9.700520833333333703e-01
9.700520833333333703e-01
9.700520833333333703e-01
9.700520833333333703e-01
9.696180555555555802e-01
9.696180555555555802e-01
9.691840277777777901e-01
9.687500000000000000e-01
9.687500000000000000e-01
9.687500000000000000e-01
9.687500000000000000e-01
9.687500000000000000e-01
9.683159722222222099e-01
9.683159722222222099e-01
9.683159722222222099e-01
9.683159722222222099e-01
9.678819444444444198e-01
9.674479166666666297e-01
9.674479166666666297e-01
9.674479166666666297e-01
9.670138888888888395e-01
9.665798611111111605e-01
9.661458333333333703e-01
9.661458333333333703e-01
9.661458333333333703e-01
9.657118055555555802e-01
9.652777777777777901e-01
9.648437500000000000e-01
9.648437500000000000e-01
9.648437500000000000e-01
9.648437500000000000e-01
9.644097222222222099e-01
9.639756944444444198e-01
9.635416666666666297e-01
9.631076388888888395e-01
9.631076388888888395e-01
9.631076388888888395e-01
9.631076388888888395e-01
9.622395833333333703e-01
9.622395833333333703e-01
9.622395833333333703e-01
9.622395833333333703e-01
9.618055555555555802e-01
9.618055555555555802e-01
9.618055555555555802e-01
9.613715277777777901e-01
9.613715277777777901e-01
9.609375000000000000e-01
9.609375000000000000e-01
9.605034722222222099e-01
9.600694444444444198e-01
9.600694444444444198e-01
9.600694444444444198e-01
9.600694444444444198e-01
9.596354166666666297e-01
9.596354166666666297e-01
9.596354166666666297e-01
9.596354166666666297e-01
9.587673611111111605e-01
9.587673611111111605e-01
9.583333333333333703e-01
9.583333333333333703e-01
9.583333333333333703e-01
9.583333333333333703e-01
9.583333333333333703e-01
9.583333333333333703e-01
9.583333333333333703e-01
9.583333333333333703e-01
9.578993055555555802e-01
9.578993055555555802e-01
9.578993055555555802e-01
9.578993055555555802e-01
9.574652777777777901e-01
9.574652777777777901e-01
9.574652777777777901e-01
9.574652777777777901e-01
9.574652777777777901e-01
9.574652777777777901e-01
9.574652777777777901e-01
9.574652777777777901e-01
9.574652777777777901e-01
9.574652777777777901e-01
9.574652777777777901e-01
9.570312500000000000e-01
9.570312500000000000e-01
9.570312500000000000e-01
9.570312500000000000e-01
9.570312500000000000e-01
9.570312500000000000e-01
9.570312500000000000e-01
9.561631944444444198e-01
9.561631944444444198e-01
9.561631944444444198e-01
9.561631944444444198e-01
9.561631944444444198e-01
9.561631944444444198e-01
9.557291666666666297e-01
9.552951388888888395e-01
9.552951388888888395e-01
9.548611111111111605e-01
9.548611111111111605e-01
9.544270833333333703e-01
9.544270833333333703e-01
9.539930555555555802e-01
9.535590277777777901e-01
9.535590277777777901e-01
9.535590277777777901e-01
9.531250000000000000e-01
9.531250000000000000e-01
9.531250000000000000e-01
9.531250000000000000e-01
9.531250000000000000e-01
9.526909722222222099e-01
9.522569444444444198e-01
9.518229166666666297e-01
9.513888888888888395e-01
9.513888888888888395e-01
9.513888888888888395e-01
9.513888888888888395e-01
9.513888888888888395e-01
9.513888888888888395e-01
9.513888888888888395e-01
9.505208333333333703e-01
9.505208333333333703e-01
9.505208333333333703e-01
9.505208333333333703e-01
9.505208333333333703e-01
9.505208333333333703e-01
9.505208333333333703e-01
9.505208333333333703e-01
9.500868055555555802e-01
9.492187500000000000e-01
9.492187500000000000e-01
9.492187500000000000e-01
9.487847222222222099e-01
9.487847222222222099e-01
9.483506944444444198e-01
9.483506944444444198e-01
9.483506944444444198e-01
9.479166666666666297e-01
9.479166666666666297e-01
9.479166666666666297e-01
9.474826388888888395e-01
9.474826388888888395e-01
9.470486111111111605e-01
9.470486111111111605e-01
9.466145833333333703e-01
9.466145833333333703e-01
9.466145833333333703e-01
9.461805555555555802e-01
9.461805555555555802e-01
9.457465277777777901e-01
9.457465277777777901e-01
9.453125000000000000e-01
9.448784722222222099e-01
9.448784722222222099e-01
9.448784722222222099e-01
9.444444444444444198e-01
9.444444444444444198e-01
9.440104166666666297e-01
9.440104166666666297e-01
9.435763888888888395e-01
9.431423611111111605e-01
9.418402777777777901e-01
9.418402777777777901e-01
9.418402777777777901e-01
9.418402777777777901e-01
9.418402777777777901e-01
9.418402777777777901e-01
9.418402777777777901e-01
9.418402777777777901e-01
9.409722222222222099e-01
9.409722222222222099e-01
9.409722222222222099e-01
9.409722222222222099e-01
9.409722222222222099e-01
9.409722222222222099e-01
9.405381944444444198e-01
9.396701388888888395e-01
9.396701388888888395e-01
9.392361111111111605e-01
9.388020833333333703e-01
9.383680555555555802e-01
9.383680555555555802e-01
9.383680555555555802e-01
9.383680555555555802e-01
9.379340277777777901e-01
9.375000000000000000e-01
9.370659722222222099e-01
9.366319444444444198e-01
9.366319444444444198e-01
9.366319444444444198e-01
9.366319444444444198e-01
9.361979166666666297e-01
9.361979166666666297e-01
9.361979166666666297e-01
9.361979166666666297e-01
9.361979166666666297e-01
9.361979166666666297e-01
9.357638888888888395e-01
9.357638888888888395e-01
9.357638888888888395e-01
9.357638888888888395e-01
9.353298611111111605e-01
9.340277777777777901e-01
9.335937500000000000e-01
9.331597222222222099e-01
9.331597222222222099e-01
9.322916666666666297e-01
9.318576388888888395e-01
9.309895833333333703e-01
9.309895833333333703e-01
9.305555555555555802e-01
9.301215277777777901e-01
9.292534722222222099e-01
9.283854166666666297e-01
9.275173611111111605e-01
9.275173611111111605e-01
9.275173611111111605e-01
9.270833333333333703e-01
9.262152777777777901e-01
9.262152777777777901e-01
9.262152777777777901e-01
9.257812500000000000e-01
9.257812500000000000e-01
9.244791666666666297e-01
9.240451388888888395e-01
9.240451388888888395e-01
9.231770833333333703e-01
9.218750000000000000e-01
9.197048611111111605e-01
9.197048611111111605e-01
9.197048611111111605e-01
9.192708333333333703e-01
9.188368055555555802e-01
9.188368055555555802e-01
9.188368055555555802e-01
9.184027777777777901e-01
9.179687500000000000e-01
9.175347222222222099e-01
9.175347222222222099e-01
9.171006944444444198e-01
9.166666666666666297e-01
9.166666666666666297e-01
9.162326388888888395e-01
9.162326388888888395e-01
9.162326388888888395e-01
9.157986111111111605e-01
9.157986111111111605e-01
9.157986111111111605e-01
9.157986111111111605e-01
9.153645833333333703e-01
9.153645833333333703e-01
9.149305555555555802e-01
9.140625000000000000e-01
9.136284722222222099e-01
9.136284722222222099e-01
9.131944444444444198e-01
9.123263888888888395e-01
9.123263888888888395e-01
9.123263888888888395e-01
9.118923611111111605e-01
9.118923611111111605e-01
9.118923611111111605e-01
9.118923611111111605e-01
9.110243055555555802e-01
9.105902777777777901e-01
9.101562500000000000e-01
9.097222222222222099e-01
9.092881944444444198e-01
9.084201388888888395e-01
9.075520833333333703e-01
9.071180555555555802e-01
9.066840277777777901e-01
9.062500000000000000e-01
9.058159722222222099e-01
9.053819444444444198e-01
9.049479166666666297e-01
9.040798611111111605e-01
9.027777777777777901e-01
9.027777777777777901e-01
9.023437500000000000e-01
9.019097222222222099e-01
9.014756944444444198e-01
9.014756944444444198e-01
9.010416666666666297e-01
9.001736111111111605e-01
9.001736111111111605e-01
8.997395833333333703e-01
8.988715277777777901e-01
8.984375000000000000e-01
8.958333333333333703e-01
8.953993055555555802e-01
8.945312500000000000e-01
8.945312500000000000e-01
8.936631944444444198e-01
8.927951388888888395e-01
8.910590277777777901e-01
8.880208333333333703e-01
8.875868055555555802e-01
8.867187500000000000e-01
8.858506944444444198e-01
8.841145833333333703e-01
8.841145833333333703e-01
8.841145833333333703e-01
8.832465277777777901e-01
8.832465277777777901e-01
8.819444444444444198e-01
8.810763888888888395e-01
8.789062500000000000e-01
8.776041666666666297e-01
8.763020833333333703e-01
8.758680555555555802e-01
8.750000000000000000e-01
8.741319444444444198e-01
8.728298611111111605e-01
8.715277777777777901e-01
8.715277777777777901e-01
8.697916666666666297e-01
8.684895833333333703e-01
8.658854166666666297e-01
8.658854166666666297e-01
8.632812500000000000e-01
8.511284722222222099e-01
8.441840277777777901e-01
8.363715277777777901e-01
8.181423611111111605e-01
0.000000000000000000e+00
