1.000000000000000000e+00
9.996532593619972262e-01
9.996532593619972262e-01
9.996532593619972262e-01
9.996532593619972262e-01
9.996532593619972262e-01
9.996532593619972262e-01
9.996532593619972262e-01
9.996532593619972262e-01
9.996532593619972262e-01
9.996532593619972262e-01
9.996532593619972262e-01
9.996532593619972262e-01
9.996532593619972262e-01
9.996532593619972262e-01
9.996532593619972262e-01
9.996532593619972262e-01
9.996532593619972262e-01
9.996532593619972262e-01
9.996532593619972262e-01
9.996532593619972262e-01
9.996532593619972262e-01
9.996532593619972262e-01
9.996532593619972262e-01
9.996532593619972262e-01
9.996532593619972262e-01
9.996532593619972262e-01
9.996532593619972262e-01
9.996532593619972262e-01
9.996532593619972262e-01
9.996532593619972262e-01
9.996532593619972262e-01
9.996532593619972262e-01
9.996532593619972262e-01
9.996532593619972262e-01
9.996532593619972262e-01
9.996532593619972262e-01
9.996532593619972262e-01
9.996532593619972262e-01
9.996532593619972262e-01
9.996532593619972262e-01
9.996532593619972262e-01
9.996532593619972262e-01
9.996532593619972262e-01
9.996532593619972262e-01
9.996532593619972262e-01
9.996532593619972262e-01
9.996532593619972262e-01
9.996532593619972262e-01
9.996532593619972262e-01
9.996532593619972262e-01
9.996532593619972262e-01
9.996532593619972262e-01
9.996532593619972262e-01
9.996532593619972262e-01
9.996532593619972262e-01
9.996532593619972262e-01
9.996532593619972262e-01
9.996532593619972262e-01
9.996532593619972262e-01
9.996532593619972262e-01
9.996532593619972262e-01
9.996532593619972262e-01
9.996532593619972262e-01
9.996532593619972262e-01
9.996532593619972262e-01
9.996532593619972262e-01
9.996532593619972262e-01
9.996532593619972262e-01
9.996532593619972262e-01
9.996532593619972262e-01
9.996532593619972262e-01
9.996532593619972262e-01
9.996532593619972262e-01
9.996532593619972262e-01
9.996532593619972262e-01
9.996532593619972262e-01
9.996532593619972262e-01
9.996532593619972262e-01
9.996532593619972262e-01
9.996532593619972262e-01
9.996532593619972262e-01
9.996532593619972262e-01
9.996532593619972262e-01
9.996532593619972262e-01
9.996532593619972262e-01
9.996532593619972262e-01
9.996532593619972262e-01
9.996532593619972262e-01
9.996532593619972262e-01
9.996532593619972262e-01
9.996532593619972262e-01
9.996532593619972262e-01
9.996532593619972262e-01
9.996532593619972262e-01
9.996532593619972262e-01
9.996532593619972262e-01
9.996532593619972262e-01
9.996532593619972262e-01
9.996532593619972262e-01
9.996532593619972262e-01
9.996532593619972262e-01
9.996532593619972262e-01
9.996532593619972262e-01
9.996532593619972262e-01
9.996532593619972262e-01
9.996532593619972262e-01
9.996532593619972262e-01
9.996532593619972262e-01
9.996532593619972262e-01
9.996532593619972262e-01
9.996532593619972262e-01
9.996532593619972262e-01
9.996532593619972262e-01
9.996532593619972262e-01
9.996532593619972262e-01
9.996532593619972262e-01
9.996532593619972262e-01
9.996532593619972262e-01
9.996532593619972262e-01
9.996532593619972262e-01
9.996532593619972262e-01
9.996532593619972262e-01
9.996532593619972262e-01
9.996532593619972262e-01
9.996532593619972262e-01
9.996532593619972262e-01
9.996532593619972262e-01
9.996532593619972262e-01
9.996532593619972262e-01
9.996532593619972262e-01
9.996532593619972262e-01
9.996532593619972262e-01
9.996532593619972262e-01
9.996532593619972262e-01
9.996532593619972262e-01
9.996532593619972262e-01
9.996532593619972262e-01
9.996532593619972262e-01
9.996532593619972262e-01
9.996532593619972262e-01
9.996532593619972262e-01
9.996532593619972262e-01
9.996532593619972262e-01
9.996532593619972262e-01
9.996532593619972262e-01
9.996532593619972262e-01
9.996532593619972262e-01
9.996532593619972262e-01
9.996532593619972262e-01
9.996532593619972262e-01
9.996532593619972262e-01
9.996532593619972262e-01
9.996532593619972262e-01
9.996532593619972262e-01
9.996532593619972262e-01
9.996532593619972262e-01
9.996532593619972262e-01
9.996532593619972262e-01
9.996532593619972262e-01
9.996532593619972262e-01
9.996532593619972262e-01
9.996532593619972262e-01
9.993065187239944525e-01
9.993065187239944525e-01
9.993065187239944525e-01
9.993065187239944525e-01
9.993065187239944525e-01
9.993065187239944525e-01
9.993065187239944525e-01
9.993065187239944525e-01
9.993065187239944525e-01
9.993065187239944525e-01
9.993065187239944525e-01
9.993065187239944525e-01
9.993065187239944525e-01
9.993065187239944525e-01
9.993065187239944525e-01
9.993065187239944525e-01
9.993065187239944525e-01
9.993065187239944525e-01
9.993065187239944525e-01
9.993065187239944525e-01
9.993065187239944525e-01
9.993065187239944525e-01
9.993065187239944525e-01
9.993065187239944525e-01
9.993065187239944525e-01
9.993065187239944525e-01
9.993065187239944525e-01
9.993065187239944525e-01
9.993065187239944525e-01
9.993065187239944525e-01
9.993065187239944525e-01
9.993065187239944525e-01
9.993065187239944525e-01
9.993065187239944525e-01
9.993065187239944525e-01
9.993065187239944525e-01
9.993065187239944525e-01
9.993065187239944525e-01
9.993065187239944525e-01
9.993065187239944525e-01
9.993065187239944525e-01
9.993065187239944525e-01
9.989597780859916787e-01
9.989597780859916787e-01
9.989597780859916787e-01
9.989597780859916787e-01
9.986130374479889049e-01
9.986130374479889049e-01
9.986130374479889049e-01
9.986130374479889049e-01
9.986130374479889049e-01
9.986130374479889049e-01
9.986130374479889049e-01
9.986130374479889049e-01
9.986130374479889049e-01
9.986130374479889049e-01
9.986130374479889049e-01
9.986130374479889049e-01
9.986130374479889049e-01
9.986130374479889049e-01
9.986130374479889049e-01
9.986130374479889049e-01
9.986130374479889049e-01
9.986130374479889049e-01
9.986130374479889049e-01
9.986130374479889049e-01
9.986130374479889049e-01
9.986130374479889049e-01
9.986130374479889049e-01
9.986130374479889049e-01
9.986130374479889049e-01
9.986130374479889049e-01
9.986130374479889049e-01
9.986130374479889049e-01
9.986130374479889049e-01
9.986130374479889049e-01
9.986130374479889049e-01
9.986130374479889049e-01
9.986130374479889049e-01
9.986130374479889049e-01
9.982662968099861311e-01
9.982662968099861311e-01
9.982662968099861311e-01
9.982662968099861311e-01
9.982662968099861311e-01
9.982662968099861311e-01
9.982662968099861311e-01
9.982662968099861311e-01
9.982662968099861311e-01
9.982662968099861311e-01
9.982662968099861311e-01
9.982662968099861311e-01
9.982662968099861311e-01
9.982662968099861311e-01
9.982662968099861311e-01
9.982662968099861311e-01
9.982662968099861311e-01
9.982662968099861311e-01
9.982662968099861311e-01
9.982662968099861311e-01
9.982662968099861311e-01
9.982662968099861311e-01
9.982662968099861311e-01
9.982662968099861311e-01
9.982662968099861311e-01
9.982662968099861311e-01
9.982662968099861311e-01
9.982662968099861311e-01
9.982662968099861311e-01
9.982662968099861311e-01
9.982662968099861311e-01
9.982662968099861311e-01
9.982662968099861311e-01
9.982662968099861311e-01
9.982662968099861311e-01
9.982662968099861311e-01
9.982662968099861311e-01
9.982662968099861311e-01
9.982662968099861311e-01
9.982662968099861311e-01
9.982662968099861311e-01
9.982662968099861311e-01
9.982662968099861311e-01
9.982662968099861311e-01
9.982662968099861311e-01
9.982662968099861311e-01
9.982662968099861311e-01
9.979195561719833574e-01
9.979195561719833574e-01
9.979195561719833574e-01
9.979195561719833574e-01
9.979195561719833574e-01
9.979195561719833574e-01
9.979195561719833574e-01
9.979195561719833574e-01
9.979195561719833574e-01
9.979195561719833574e-01
9.979195561719833574e-01
9.979195561719833574e-01
9.979195561719833574e-01
9.975728155339805836e-01
9.975728155339805836e-01
9.975728155339805836e-01
9.975728155339805836e-01
9.975728155339805836e-01
9.975728155339805836e-01
9.975728155339805836e-01
9.975728155339805836e-01
9.975728155339805836e-01
9.975728155339805836e-01
9.975728155339805836e-01
9.975728155339805836e-01
9.975728155339805836e-01
9.975728155339805836e-01
9.975728155339805836e-01
9.975728155339805836e-01
9.975728155339805836e-01
9.975728155339805836e-01
9.975728155339805836e-01
9.975728155339805836e-01
9.975728155339805836e-01
9.975728155339805836e-01
9.975728155339805836e-01
9.975728155339805836e-01
9.975728155339805836e-01
9.975728155339805836e-01
9.975728155339805836e-01
9.975728155339805836e-01
9.975728155339805836e-01
9.975728155339805836e-01
9.975728155339805836e-01
9.975728155339805836e-01
9.975728155339805836e-01
9.975728155339805836e-01
9.975728155339805836e-01
9.975728155339805836e-01
9.975728155339805836e-01
9.975728155339805836e-01
9.975728155339805836e-01
9.975728155339805836e-01
9.975728155339805836e-01
9.975728155339805836e-01
9.975728155339805836e-01
9.975728155339805836e-01
9.975728155339805836e-01
9.975728155339805836e-01
9.975728155339805836e-01
9.975728155339805836e-01
9.975728155339805836e-01
9.975728155339805836e-01
9.975728155339805836e-01
9.975728155339805836e-01
9.975728155339805836e-01
9.975728155339805836e-01
9.975728155339805836e-01
9.975728155339805836e-01
9.975728155339805836e-01
9.975728155339805836e-01
9.975728155339805836e-01
9.975728155339805836e-01
9.975728155339805836e-01
9.975728155339805836e-01
9.972260748959778098e-01
9.972260748959778098e-01
9.972260748959778098e-01
9.972260748959778098e-01
9.972260748959778098e-01
9.972260748959778098e-01
9.972260748959778098e-01
9.972260748959778098e-01
9.972260748959778098e-01
9.972260748959778098e-01
9.972260748959778098e-01
9.972260748959778098e-01
9.972260748959778098e-01
9.972260748959778098e-01
9.972260748959778098e-01
9.972260748959778098e-01
9.972260748959778098e-01
9.972260748959778098e-01
9.972260748959778098e-01
9.972260748959778098e-01
9.972260748959778098e-01
9.972260748959778098e-01
9.972260748959778098e-01
9.972260748959778098e-01
9.972260748959778098e-01
9.972260748959778098e-01
9.972260748959778098e-01
9.972260748959778098e-01
9.972260748959778098e-01
9.972260748959778098e-01
9.972260748959778098e-01
9.972260748959778098e-01
9.972260748959778098e-01
9.972260748959778098e-01
9.972260748959778098e-01
9.972260748959778098e-01
9.972260748959778098e-01
9.972260748959778098e-01
9.972260748959778098e-01
9.972260748959778098e-01
9.972260748959778098e-01
9.972260748959778098e-01
9.972260748959778098e-01
9.972260748959778098e-01
9.972260748959778098e-01
9.972260748959778098e-01
9.972260748959778098e-01
9.972260748959778098e-01
9.972260748959778098e-01
9.972260748959778098e-01
9.972260748959778098e-01
9.972260748959778098e-01
9.972260748959778098e-01
9.972260748959778098e-01
9.972260748959778098e-01
9.972260748959778098e-01
9.972260748959778098e-01
9.972260748959778098e-01
9.972260748959778098e-01
9.972260748959778098e-01
9.972260748959778098e-01
9.972260748959778098e-01
9.972260748959778098e-01
9.972260748959778098e-01
9.972260748959778098e-01
9.972260748959778098e-01
9.972260748959778098e-01
9.972260748959778098e-01
9.972260748959778098e-01
9.972260748959778098e-01
9.972260748959778098e-01
9.972260748959778098e-01
9.972260748959778098e-01
9.972260748959778098e-01
9.972260748959778098e-01
9.972260748959778098e-01
9.972260748959778098e-01
9.972260748959778098e-01
9.972260748959778098e-01
9.972260748959778098e-01
9.972260748959778098e-01
9.972260748959778098e-01
9.972260748959778098e-01
9.972260748959778098e-01
9.972260748959778098e-01
9.972260748959778098e-01
9.972260748959778098e-01
9.972260748959778098e-01
9.972260748959778098e-01
9.972260748959778098e-01
9.972260748959778098e-01
9.972260748959778098e-01
9.972260748959778098e-01
9.972260748959778098e-01
9.968793342579750361e-01
9.968793342579750361e-01
9.968793342579750361e-01
9.968793342579750361e-01
9.968793342579750361e-01
9.968793342579750361e-01
9.968793342579750361e-01
9.968793342579750361e-01
9.968793342579750361e-01
9.968793342579750361e-01
9.968793342579750361e-01
9.965325936199722623e-01
9.965325936199722623e-01
9.965325936199722623e-01
9.965325936199722623e-01
9.965325936199722623e-01
9.965325936199722623e-01
9.965325936199722623e-01
9.965325936199722623e-01
9.965325936199722623e-01
9.965325936199722623e-01
9.965325936199722623e-01
9.965325936199722623e-01
9.965325936199722623e-01
9.965325936199722623e-01
9.965325936199722623e-01
9.965325936199722623e-01
9.965325936199722623e-01
9.965325936199722623e-01
9.965325936199722623e-01
9.965325936199722623e-01
9.965325936199722623e-01
9.965325936199722623e-01
9.965325936199722623e-01
9.965325936199722623e-01
9.965325936199722623e-01
9.965325936199722623e-01
9.965325936199722623e-01
9.965325936199722623e-01
9.965325936199722623e-01
9.965325936199722623e-01
9.965325936199722623e-01
9.965325936199722623e-01
9.965325936199722623e-01
9.965325936199722623e-01
9.965325936199722623e-01
9.965325936199722623e-01
9.965325936199722623e-01
9.965325936199722623e-01
9.961858529819694885e-01
9.961858529819694885e-01
9.961858529819694885e-01
9.961858529819694885e-01
9.961858529819694885e-01
9.961858529819694885e-01
9.961858529819694885e-01
9.961858529819694885e-01
9.961858529819694885e-01
9.961858529819694885e-01
9.961858529819694885e-01
9.961858529819694885e-01
9.961858529819694885e-01
9.961858529819694885e-01
9.961858529819694885e-01
9.961858529819694885e-01
9.961858529819694885e-01
9.961858529819694885e-01
9.961858529819694885e-01
9.961858529819694885e-01
9.961858529819694885e-01
9.961858529819694885e-01
9.961858529819694885e-01
9.961858529819694885e-01
9.961858529819694885e-01
9.961858529819694885e-01
9.961858529819694885e-01
9.961858529819694885e-01
9.961858529819694885e-01
9.961858529819694885e-01
9.961858529819694885e-01
9.961858529819694885e-01
9.961858529819694885e-01
9.961858529819694885e-01
9.958391123439667147e-01
9.958391123439667147e-01
9.958391123439667147e-01
9.958391123439667147e-01
9.958391123439667147e-01
9.958391123439667147e-01
9.958391123439667147e-01
9.958391123439667147e-01
9.958391123439667147e-01
9.958391123439667147e-01
9.958391123439667147e-01
9.958391123439667147e-01
9.958391123439667147e-01
9.958391123439667147e-01
9.958391123439667147e-01
9.958391123439667147e-01
9.958391123439667147e-01
9.958391123439667147e-01
9.958391123439667147e-01
9.958391123439667147e-01
9.958391123439667147e-01
9.958391123439667147e-01
9.958391123439667147e-01
9.958391123439667147e-01
9.958391123439667147e-01
9.954923717059639410e-01
9.954923717059639410e-01
9.954923717059639410e-01
9.954923717059639410e-01
9.954923717059639410e-01
9.954923717059639410e-01
9.954923717059639410e-01
9.954923717059639410e-01
9.951456310679611672e-01
9.951456310679611672e-01
9.951456310679611672e-01
9.951456310679611672e-01
9.951456310679611672e-01
9.951456310679611672e-01
9.951456310679611672e-01
9.951456310679611672e-01
9.951456310679611672e-01
9.944521497919556197e-01
9.944521497919556197e-01
9.944521497919556197e-01
9.944521497919556197e-01
9.944521497919556197e-01
9.944521497919556197e-01
9.941054091539528459e-01
9.941054091539528459e-01
9.941054091539528459e-01
9.941054091539528459e-01
9.941054091539528459e-01
9.941054091539528459e-01
9.941054091539528459e-01
9.941054091539528459e-01
9.941054091539528459e-01
9.941054091539528459e-01
9.941054091539528459e-01
9.937586685159500721e-01
9.937586685159500721e-01
9.937586685159500721e-01
9.934119278779472983e-01
9.934119278779472983e-01
9.934119278779472983e-01
9.934119278779472983e-01
9.934119278779472983e-01
9.934119278779472983e-01
9.934119278779472983e-01
9.934119278779472983e-01
9.934119278779472983e-01
9.934119278779472983e-01
9.934119278779472983e-01
9.934119278779472983e-01
9.934119278779472983e-01
9.934119278779472983e-01
9.934119278779472983e-01
9.934119278779472983e-01
9.934119278779472983e-01
9.934119278779472983e-01
9.934119278779472983e-01
9.934119278779472983e-01
9.930651872399445246e-01
9.927184466019417508e-01
9.927184466019417508e-01
9.927184466019417508e-01
9.927184466019417508e-01
9.927184466019417508e-01
9.923717059639389770e-01
9.920249653259362033e-01
9.920249653259362033e-01
9.920249653259362033e-01
9.920249653259362033e-01
9.920249653259362033e-01
9.920249653259362033e-01
9.920249653259362033e-01
9.920249653259362033e-01
9.920249653259362033e-01
9.920249653259362033e-01
9.920249653259362033e-01
9.920249653259362033e-01
9.920249653259362033e-01
9.920249653259362033e-01
9.916782246879334295e-01
9.916782246879334295e-01
9.916782246879334295e-01
9.916782246879334295e-01
9.916782246879334295e-01
9.916782246879334295e-01
9.916782246879334295e-01
9.916782246879334295e-01
9.916782246879334295e-01
9.916782246879334295e-01
9.916782246879334295e-01
9.916782246879334295e-01
9.916782246879334295e-01
9.916782246879334295e-01
9.916782246879334295e-01
9.916782246879334295e-01
9.916782246879334295e-01
9.916782246879334295e-01
9.916782246879334295e-01
9.916782246879334295e-01
9.916782246879334295e-01
9.916782246879334295e-01
9.916782246879334295e-01
9.916782246879334295e-01
9.916782246879334295e-01
9.916782246879334295e-01
9.916782246879334295e-01
9.916782246879334295e-01
9.916782246879334295e-01
9.913314840499306557e-01
9.913314840499306557e-01
9.913314840499306557e-01
9.913314840499306557e-01
9.913314840499306557e-01
9.913314840499306557e-01
9.913314840499306557e-01
9.913314840499306557e-01
9.913314840499306557e-01
9.913314840499306557e-01
9.913314840499306557e-01
9.913314840499306557e-01
9.913314840499306557e-01
9.913314840499306557e-01
9.913314840499306557e-01
9.913314840499306557e-01
9.913314840499306557e-01
9.913314840499306557e-01
9.913314840499306557e-01
9.913314840499306557e-01
9.909847434119278820e-01
9.909847434119278820e-01
9.906380027739251082e-01
9.906380027739251082e-01
9.906380027739251082e-01
9.902912621359223344e-01
9.902912621359223344e-01
9.902912621359223344e-01
9.899445214979195606e-01
9.899445214979195606e-01
9.899445214979195606e-01
9.899445214979195606e-01
9.899445214979195606e-01
9.899445214979195606e-01
9.895977808599167869e-01
9.895977808599167869e-01
9.895977808599167869e-01
9.895977808599167869e-01
9.895977808599167869e-01
9.895977808599167869e-01
9.895977808599167869e-01
9.895977808599167869e-01
9.895977808599167869e-01
9.895977808599167869e-01
9.895977808599167869e-01
9.895977808599167869e-01
9.895977808599167869e-01
9.895977808599167869e-01
9.895977808599167869e-01
9.895977808599167869e-01
9.895977808599167869e-01
9.895977808599167869e-01
9.895977808599167869e-01
9.892510402219140131e-01
9.892510402219140131e-01
9.892510402219140131e-01
9.892510402219140131e-01
9.892510402219140131e-01
9.892510402219140131e-01
9.892510402219140131e-01
9.892510402219140131e-01
9.892510402219140131e-01
9.892510402219140131e-01
9.889042995839112393e-01
9.889042995839112393e-01
9.889042995839112393e-01
9.889042995839112393e-01
9.889042995839112393e-01
9.889042995839112393e-01
9.889042995839112393e-01
9.889042995839112393e-01
9.889042995839112393e-01
9.885575589459084656e-01
9.885575589459084656e-01
9.885575589459084656e-01
9.882108183079056918e-01
9.878640776699029180e-01
9.878640776699029180e-01
9.878640776699029180e-01
9.878640776699029180e-01
9.878640776699029180e-01
9.878640776699029180e-01
9.878640776699029180e-01
9.878640776699029180e-01
9.878640776699029180e-01
9.878640776699029180e-01
9.875173370319001442e-01
9.875173370319001442e-01
9.875173370319001442e-01
9.875173370319001442e-01
9.875173370319001442e-01
9.875173370319001442e-01
9.875173370319001442e-01
9.875173370319001442e-01
9.875173370319001442e-01
9.875173370319001442e-01
9.871705963938973705e-01
9.871705963938973705e-01
9.871705963938973705e-01
9.871705963938973705e-01
9.871705963938973705e-01
9.871705963938973705e-01
9.871705963938973705e-01
9.871705963938973705e-01
9.871705963938973705e-01
9.868238557558945967e-01
9.868238557558945967e-01
9.868238557558945967e-01
9.868238557558945967e-01
9.868238557558945967e-01
9.868238557558945967e-01
9.868238557558945967e-01
9.868238557558945967e-01
9.868238557558945967e-01
9.868238557558945967e-01
9.868238557558945967e-01
9.868238557558945967e-01
9.868238557558945967e-01
9.868238557558945967e-01
9.868238557558945967e-01
9.868238557558945967e-01
9.864771151178918229e-01
9.864771151178918229e-01
9.864771151178918229e-01
9.861303744798890492e-01
9.861303744798890492e-01
9.857836338418862754e-01
9.857836338418862754e-01
9.857836338418862754e-01
9.857836338418862754e-01
9.857836338418862754e-01
9.857836338418862754e-01
9.857836338418862754e-01
9.854368932038835016e-01
9.850901525658807278e-01
9.850901525658807278e-01
9.850901525658807278e-01
9.850901525658807278e-01
9.850901525658807278e-01
9.850901525658807278e-01
9.850901525658807278e-01
9.850901525658807278e-01
9.850901525658807278e-01
9.847434119278779541e-01
9.847434119278779541e-01
9.843966712898751803e-01
9.843966712898751803e-01
9.843966712898751803e-01
9.843966712898751803e-01
9.843966712898751803e-01
9.843966712898751803e-01
9.840499306518724065e-01
9.840499306518724065e-01
9.840499306518724065e-01
9.840499306518724065e-01
9.837031900138696328e-01
9.837031900138696328e-01
9.837031900138696328e-01
9.837031900138696328e-01
9.833564493758668590e-01
9.833564493758668590e-01
9.833564493758668590e-01
9.833564493758668590e-01
9.833564493758668590e-01
9.833564493758668590e-01
9.833564493758668590e-01
9.833564493758668590e-01
9.833564493758668590e-01
9.833564493758668590e-01
9.833564493758668590e-01
9.833564493758668590e-01
9.830097087378640852e-01
9.830097087378640852e-01
9.830097087378640852e-01
9.830097087378640852e-01
9.830097087378640852e-01
9.830097087378640852e-01
9.830097087378640852e-01
9.830097087378640852e-01
9.819694868238557639e-01
9.819694868238557639e-01
9.819694868238557639e-01
9.819694868238557639e-01
9.816227461858529901e-01
9.816227461858529901e-01
9.816227461858529901e-01
9.812760055478502164e-01
9.812760055478502164e-01
9.809292649098474426e-01
9.809292649098474426e-01
9.809292649098474426e-01
9.805825242718446688e-01
9.805825242718446688e-01
9.805825242718446688e-01
9.802357836338418950e-01
9.802357836338418950e-01
9.802357836338418950e-01
9.802357836338418950e-01
9.802357836338418950e-01
9.802357836338418950e-01
9.802357836338418950e-01
9.802357836338418950e-01
9.802357836338418950e-01
9.802357836338418950e-01
9.785020804438280262e-01
9.785020804438280262e-01
9.781553398058252524e-01
9.781553398058252524e-01
9.781553398058252524e-01
9.781553398058252524e-01
9.781553398058252524e-01
9.781553398058252524e-01
9.781553398058252524e-01
9.781553398058252524e-01
9.781553398058252524e-01
9.781553398058252524e-01
9.781553398058252524e-01
9.781553398058252524e-01
9.778085991678224786e-01
9.774618585298197049e-01
9.767683772538141573e-01
9.767683772538141573e-01
9.767683772538141573e-01
9.764216366158113836e-01
9.764216366158113836e-01
9.760748959778086098e-01
9.760748959778086098e-01
9.757281553398058360e-01
9.757281553398058360e-01
9.757281553398058360e-01
9.757281553398058360e-01
9.757281553398058360e-01
9.757281553398058360e-01
9.757281553398058360e-01
9.757281553398058360e-01
9.757281553398058360e-01
9.757281553398058360e-01
9.757281553398058360e-01
9.757281553398058360e-01
9.757281553398058360e-01
9.753814147018030623e-01
9.753814147018030623e-01
9.753814147018030623e-01
9.750346740638002885e-01
9.750346740638002885e-01
9.750346740638002885e-01
9.750346740638002885e-01
9.750346740638002885e-01
9.750346740638002885e-01
9.750346740638002885e-01
9.746879334257975147e-01
9.746879334257975147e-01
9.746879334257975147e-01
9.743411927877947409e-01
9.743411927877947409e-01
9.743411927877947409e-01
9.743411927877947409e-01
9.739944521497919672e-01
9.739944521497919672e-01
9.739944521497919672e-01
9.739944521497919672e-01
9.736477115117891934e-01
9.736477115117891934e-01
9.736477115117891934e-01
9.733009708737864196e-01
9.733009708737864196e-01
9.733009708737864196e-01
9.733009708737864196e-01
9.733009708737864196e-01
9.733009708737864196e-01
9.729542302357836459e-01
9.729542302357836459e-01
9.729542302357836459e-01
9.729542302357836459e-01
9.729542302357836459e-01
9.729542302357836459e-01
9.729542302357836459e-01
9.726074895977808721e-01
9.726074895977808721e-01
9.722607489597780983e-01
9.722607489597780983e-01
9.722607489597780983e-01
9.719140083217753245e-01
9.719140083217753245e-01
9.719140083217753245e-01
9.719140083217753245e-01
9.719140083217753245e-01
9.719140083217753245e-01
9.719140083217753245e-01
9.715672676837725508e-01
9.715672676837725508e-01
9.715672676837725508e-01
9.715672676837725508e-01
9.712205270457697770e-01
9.708737864077670032e-01
9.708737864077670032e-01
9.708737864077670032e-01
9.705270457697642295e-01
9.701803051317614557e-01
9.698335644937586819e-01
9.698335644937586819e-01
9.698335644937586819e-01
9.694868238557559081e-01
9.691400832177531344e-01
9.687933425797503606e-01
9.687933425797503606e-01
9.687933425797503606e-01
9.687933425797503606e-01
9.687933425797503606e-01
9.684466019417475868e-01
9.680998613037448131e-01
9.677531206657420393e-01
9.674063800277392655e-01
9.674063800277392655e-01
9.674063800277392655e-01
9.674063800277392655e-01
9.670596393897364917e-01
9.663661581137309442e-01
9.663661581137309442e-01
9.663661581137309442e-01
9.663661581137309442e-01
9.663661581137309442e-01
9.663661581137309442e-01
9.660194174757281704e-01
9.660194174757281704e-01
9.656726768377253967e-01
9.656726768377253967e-01
9.653259361997226229e-01
9.649791955617198491e-01
9.649791955617198491e-01
9.649791955617198491e-01
9.646324549237170753e-01
9.646324549237170753e-01
9.646324549237170753e-01
9.642857142857143016e-01
9.639389736477115278e-01
9.635922330097087540e-01
9.635922330097087540e-01
9.635922330097087540e-01
9.635922330097087540e-01
9.635922330097087540e-01
9.632454923717059803e-01
9.632454923717059803e-01
9.632454923717059803e-01
9.632454923717059803e-01
9.632454923717059803e-01
9.625520110957004327e-01
9.625520110957004327e-01
9.622052704576976589e-01
9.622052704576976589e-01
9.622052704576976589e-01
9.622052704576976589e-01
9.622052704576976589e-01
9.622052704576976589e-01
9.622052704576976589e-01
9.622052704576976589e-01
9.618585298196948852e-01
9.615117891816921114e-01
9.615117891816921114e-01
9.615117891816921114e-01
9.615117891816921114e-01
9.615117891816921114e-01
9.615117891816921114e-01
9.608183079056865639e-01
9.604715672676837901e-01
9.604715672676837901e-01
9.601248266296810163e-01
9.601248266296810163e-01
9.601248266296810163e-01
9.601248266296810163e-01
9.601248266296810163e-01
9.601248266296810163e-01
9.601248266296810163e-01
9.601248266296810163e-01
9.601248266296810163e-01
9.601248266296810163e-01
9.601248266296810163e-01
9.601248266296810163e-01
9.601248266296810163e-01
9.601248266296810163e-01
9.597780859916782426e-01
9.597780859916782426e-01
9.597780859916782426e-01
9.597780859916782426e-01
9.597780859916782426e-01
9.597780859916782426e-01
9.597780859916782426e-01
9.597780859916782426e-01
9.590846047156726950e-01
9.590846047156726950e-01
9.590846047156726950e-01
9.590846047156726950e-01
9.590846047156726950e-01
9.590846047156726950e-01
9.590846047156726950e-01
9.587378640776699212e-01
9.583911234396671475e-01
9.583911234396671475e-01
9.580443828016643737e-01
9.580443828016643737e-01
9.576976421636615999e-01
9.576976421636615999e-01
9.573509015256588262e-01
9.570041608876560524e-01
9.570041608876560524e-01
9.570041608876560524e-01
9.570041608876560524e-01
9.566574202496532786e-01
9.566574202496532786e-01
9.566574202496532786e-01
9.566574202496532786e-01
9.566574202496532786e-01
9.563106796116505048e-01
9.559639389736477311e-01
9.556171983356449573e-01
9.556171983356449573e-01
9.552704576976421835e-01
9.552704576976421835e-01
9.552704576976421835e-01
9.552704576976421835e-01
9.552704576976421835e-01
9.552704576976421835e-01
9.552704576976421835e-01
9.549237170596394098e-01
9.549237170596394098e-01
9.549237170596394098e-01
9.542302357836338622e-01
9.542302357836338622e-01
9.542302357836338622e-01
9.538834951456310884e-01
9.538834951456310884e-01
9.538834951456310884e-01
9.538834951456310884e-01
9.538834951456310884e-01
9.538834951456310884e-01
9.538834951456310884e-01
9.535367545076283147e-01
9.528432732316227671e-01
9.528432732316227671e-01
9.528432732316227671e-01
9.528432732316227671e-01
9.528432732316227671e-01
9.524965325936199934e-01
9.524965325936199934e-01
9.524965325936199934e-01
9.521497919556172196e-01
9.521497919556172196e-01
9.521497919556172196e-01
9.518030513176144458e-01
9.518030513176144458e-01
9.518030513176144458e-01
9.511095700416088983e-01
9.511095700416088983e-01
9.507628294036061245e-01
9.507628294036061245e-01
9.504160887656033507e-01
9.504160887656033507e-01
9.504160887656033507e-01
9.500693481276005770e-01
9.500693481276005770e-01
9.500693481276005770e-01
9.497226074895978032e-01
9.490291262135922556e-01
9.486823855755894819e-01
9.483356449375867081e-01
9.483356449375867081e-01
9.479889042995839343e-01
9.476421636615811606e-01
9.472954230235783868e-01
9.472954230235783868e-01
9.472954230235783868e-01
9.472954230235783868e-01
9.472954230235783868e-01
9.472954230235783868e-01
9.469486823855756130e-01
9.466019417475728392e-01
9.466019417475728392e-01
9.462552011095700655e-01
9.462552011095700655e-01
9.459084604715672917e-01
9.455617198335645179e-01
9.445214979195561966e-01
9.445214979195561966e-01
9.445214979195561966e-01
9.445214979195561966e-01
9.445214979195561966e-01
9.445214979195561966e-01
9.445214979195561966e-01
9.445214979195561966e-01
9.445214979195561966e-01
9.445214979195561966e-01
9.438280166435506491e-01
9.438280166435506491e-01
9.438280166435506491e-01
9.438280166435506491e-01
9.438280166435506491e-01
9.438280166435506491e-01
9.438280166435506491e-01
9.438280166435506491e-01
9.438280166435506491e-01
9.434812760055478753e-01
9.427877947295423278e-01
9.427877947295423278e-01
9.424410540915395540e-01
9.420943134535367802e-01
9.417475728155340065e-01
9.417475728155340065e-01
9.417475728155340065e-01
9.417475728155340065e-01
9.414008321775312327e-01
9.410540915395284589e-01
9.407073509015256851e-01
9.403606102635229114e-01
9.400138696255201376e-01
9.400138696255201376e-01
9.400138696255201376e-01
9.400138696255201376e-01
9.396671289875173638e-01
9.393203883495145901e-01
9.393203883495145901e-01
9.393203883495145901e-01
9.393203883495145901e-01
9.393203883495145901e-01
9.393203883495145901e-01
9.389736477115118163e-01
9.389736477115118163e-01
9.386269070735090425e-01
9.386269070735090425e-01
9.386269070735090425e-01
9.382801664355062687e-01
9.372399445214979474e-01
9.368932038834951737e-01
9.365464632454923999e-01
9.365464632454923999e-01
9.358529819694868523e-01
9.355062413314840786e-01
9.344660194174757573e-01
9.344660194174757573e-01
9.341192787794729835e-01
9.337725381414702097e-01
9.330790568654646622e-01
9.330790568654646622e-01
9.330790568654646622e-01
9.323855755894591146e-01
9.323855755894591146e-01
9.313453536754507933e-01
9.309986130374480195e-01
9.309986130374480195e-01
9.306518723994452458e-01
9.303051317614424720e-01
9.296116504854369245e-01
9.296116504854369245e-01
9.296116504854369245e-01
9.296116504854369245e-01
9.292649098474341507e-01
9.292649098474341507e-01
9.282246879334258294e-01
9.278779472954230556e-01
9.278779472954230556e-01
9.271844660194175081e-01
9.261442441054091868e-01
9.244105409153953179e-01
9.244105409153953179e-01
9.244105409153953179e-01
9.244105409153953179e-01
9.240638002773925441e-01
9.240638002773925441e-01
9.237170596393897704e-01
9.237170596393897704e-01
9.237170596393897704e-01
9.233703190013869966e-01
9.230235783633842228e-01
9.226768377253814490e-01
9.226768377253814490e-01
9.223300970873786753e-01
9.219833564493759015e-01
9.219833564493759015e-01
9.216366158113731277e-01
9.216366158113731277e-01
9.216366158113731277e-01
9.212898751733703540e-01
9.212898751733703540e-01
9.212898751733703540e-01
9.212898751733703540e-01
9.209431345353675802e-01
9.202496532593620326e-01
9.202496532593620326e-01
9.199029126213592589e-01
9.192094313453537113e-01
9.188626907073509376e-01
9.188626907073509376e-01
9.185159500693481638e-01
9.178224687933426162e-01
9.178224687933426162e-01
9.171289875173370687e-01
9.171289875173370687e-01
9.167822468793342949e-01
9.167822468793342949e-01
9.164355062413315212e-01
9.164355062413315212e-01
9.164355062413315212e-01
9.157420249653259736e-01
9.153952843273231998e-01
9.150485436893204261e-01
9.147018030513176523e-01
9.143550624133148785e-01
9.136615811373093310e-01
9.133148404993065572e-01
9.126213592233010097e-01
9.122746185852982359e-01
9.119278779472954621e-01
9.115811373092926884e-01
9.112343966712899146e-01
9.108876560332871408e-01
9.105409153952843671e-01
9.098474341192788195e-01
9.088072122052704982e-01
9.088072122052704982e-01
9.081137309292649507e-01
9.077669902912621769e-01
9.074202496532594031e-01
9.074202496532594031e-01
9.063800277392510818e-01
9.063800277392510818e-01
9.060332871012483080e-01
9.053398058252427605e-01
9.053398058252427605e-01
9.042995839112344392e-01
9.036061026352288916e-01
9.029126213592233441e-01
9.022191400832177965e-01
9.001386962552011539e-01
8.997919556171983801e-01
8.984049930651872851e-01
8.977115117891817375e-01
8.966712898751734162e-01
8.959778085991678687e-01
8.945908460471567736e-01
8.921636615811373572e-01
8.918169209431345834e-01
8.911234396671290359e-01
8.890429958391123932e-01
8.869625520110957506e-01
8.869625520110957506e-01
8.862690707350902031e-01
8.855755894590846555e-01
8.852288488210818818e-01
8.841886269070735604e-01
8.834951456310680129e-01
8.817614424410541440e-01
8.800277392510402752e-01
8.786407766990291801e-01
8.779472954230236326e-01
8.772538141470180850e-01
8.765603328710125375e-01
8.748266296809985576e-01
8.737864077669902363e-01
8.734396671289874625e-01
8.706657420249652723e-01
8.696255201109569510e-01
8.665048543689319871e-01
8.654646324549236658e-01
8.626907073509014756e-01
8.519417475728154887e-01
8.436199722607489182e-01
8.363384188626906690e-01
8.186546463245492067e-01
0.000000000000000000e+00
