9.261342332208474248e-01
9.258003766478343222e-01
9.257724189902034606e-01
9.257444402563136387e-01
9.257164404223228171e-01
9.256884194643530961e-01
9.256603773584906047e-01
9.256323140807851679e-01
9.256042296072507503e-01
9.255761239138647900e-01
9.255479969765684212e-01
9.255198487712665845e-01
9.254916792738275833e-01
9.254634884600831946e-01
9.254352763058288911e-01
9.254070427868231752e-01
9.253787878787879118e-01
9.253505115574081064e-01
9.253222137983320161e-01
9.252938945771710388e-01
9.252655538694992687e-01
9.252371916508539407e-01
9.252088078967349860e-01
9.251804025826053657e-01
9.251519756838906261e-01
9.251235271759786771e-01
9.250950570342205692e-01
9.250665652339292722e-01
9.250380517503805633e-01
9.250095165588123614e-01
9.249809596344249485e-01
9.249523809523809703e-01
9.249237804878048808e-01
9.248951582157834972e-01
9.248665141113653343e-01
9.248378481495612702e-01
9.248091603053435472e-01
9.247804505536464381e-01
9.247517188693659129e-01
9.247229652273595280e-01
9.246941896024465368e-01
9.246653919694072243e-01
9.246365723029839057e-01
9.246077305778798161e-01
9.245788667687595552e-01
9.245499808502489758e-01
9.245210727969348508e-01
9.244921425833653172e-01
9.244631901840490995e-01
9.244342155734560640e-01
9.244052187260168862e-01
9.243761996161228289e-01
9.247311827956988806e-01
9.247022666154437465e-01
9.246733282090700001e-01
9.246153846153846168e-01
9.245863793766833094e-01
9.245283018867924696e-01
9.244992295839753460e-01
9.244410177332305079e-01
9.244118781334361712e-01
9.243827160493827133e-01
9.243535314550366255e-01
9.243243243243243201e-01
9.242950946311316862e-01
9.242658423493045339e-01
9.242365674526478170e-01
9.242072699149265214e-01
9.241779497098645546e-01
9.241192411924119554e-01
9.240898528272656343e-01
9.240604416892677087e-01
9.244186046511627675e-01
9.243892981775881923e-01
9.243306169965075370e-01
9.243012422360248337e-01
9.242718446601941862e-01
9.246309246309246666e-01
9.249902837155071778e-01
9.249611197511664606e-01
9.249319330999611344e-01
9.249027237354086051e-01
9.248734916309848675e-01
9.248442367601246161e-01
9.248149590962212452e-01
9.247856586126266265e-01
9.247563352826511096e-01
9.247269890795631886e-01
9.246976199765899462e-01
9.250585480093677093e-01
9.250292854353767691e-01
9.250000000000000444e-01
9.249706916764360853e-01
9.253322908522283452e-01
9.253030895580758308e-01
9.252738654147104613e-01
9.252446183953033643e-01
9.252153484729835897e-01
9.255777516647082370e-01
9.259404388714733702e-01
9.263034104272833691e-01
9.266666666666666385e-01
9.270302079246763860e-01
9.270015698587127373e-01
9.269729093050648183e-01
9.273369992144540053e-01
9.273084479371316302e-01
9.272798742138365080e-01
9.272512780180888203e-01
9.272226593233674485e-01
9.275875639512003445e-01
9.275590551181102095e-01
9.275305238282788300e-01
9.275019700551615509e-01
9.278675601103665294e-01
9.282334384858044185e-01
9.282051282051282382e-01
9.285714285714286031e-01
9.285432293722858388e-01
9.285150078988941846e-01
9.284867641248518710e-01
9.284584980237153840e-01
9.284302095689995760e-01
9.287974683544303334e-01
9.291650178076771294e-01
9.291369754552651905e-01
9.295049504950495534e-01
9.294770206022187065e-01
9.294490685691636500e-01
9.298176050753370614e-01
9.297897659658865832e-01
9.297619047619047894e-01
9.301310043668121752e-01
9.305003971405877428e-01
9.304727850615812645e-01
9.304451510333863196e-01
9.304174950298210733e-01
9.303898170246619470e-01
9.307600477516911885e-01
9.311305732484076447e-01
9.315013938669852722e-01
9.314741035856574092e-01
9.314467915504185402e-01
9.314194577352472582e-01
9.313921021140805223e-01
9.313647246608139918e-01
9.317365269461077570e-01
9.321086261980831011e-01
9.320815021973631875e-01
9.320543565147881848e-01
9.320271891243502305e-01
9.324000000000000066e-01
9.323729491796718394e-01
9.323458767013610426e-01
9.323187825390468753e-01
9.322916666666666297e-01
9.322645290581161870e-01
9.326383319967922469e-01
9.330124348174889670e-01
9.329855537720705971e-01
9.329586511441188001e-01
9.329317269076304875e-01
9.329047810365608262e-01
9.328778135048231279e-01
9.328508242862887379e-01
9.328238133547868127e-01
9.327967806841046539e-01
9.327697262479871521e-01
9.331453886427708566e-01
9.331184528605962480e-01
9.330914953647723165e-01
9.330645161290322953e-01
9.330375151270673406e-01
9.330104923325261979e-01
9.329834477190149800e-01
9.329563812600969452e-01
9.333333333333333481e-01
9.333063864187550740e-01
9.332794177112818668e-01
9.332524271844659935e-01
9.332254148118170889e-01
9.336032388663967341e-01
9.335763466990684156e-01
9.339546191247973805e-01
9.343331982164572169e-01
9.343065693430656626e-01
9.342799188640973362e-01
9.342532467532467244e-01
9.346325619163621257e-01
9.350121852152721846e-01
9.349857781389678824e-01
9.349593495934959142e-01
9.349328995526636765e-01
9.349064279902359331e-01
9.348799348799349263e-01
9.348534201954397105e-01
9.348268839103869299e-01
9.348003259983700408e-01
9.347737464329393120e-01
9.351549755301794553e-01
9.355365157078743277e-01
9.355102040816326570e-01
9.354838709677418818e-01
9.354575163398692883e-01
9.358398038414385001e-01
9.358135731807032398e-01
9.357873210633946837e-01
9.357610474631751218e-01
9.357347523536635459e-01
9.357084357084357595e-01
9.360917656698074518e-01
9.364754098360655865e-01
9.364493644936449090e-01
9.368334700574241225e-01
9.368075502667213561e-01
9.371921182266009787e-01
9.371663244353182209e-01
9.375513557929334718e-01
9.375256884504726829e-01
9.379111842105263275e-01
9.378856437679966573e-01
9.382716049382715529e-01
9.382461918484973351e-01
9.382207578253706215e-01
9.381953028430161101e-01
9.385820280296784945e-01
9.385567010309278091e-01
9.389438943894389267e-01
9.393314073462649683e-01
9.397192402972749381e-01
9.396943411813299951e-01
9.396694214876033513e-01
9.396444811905746430e-01
9.400330851943755617e-01
9.400082747207281209e-01
9.399834437086093120e-01
9.399585921325052107e-01
9.399337199668600373e-01
9.399088271860753796e-01
9.398839137645107478e-01
9.398589796764827975e-01
9.402489626556016500e-01
9.402241594022415772e-01
9.406146179401992935e-01
9.405899459908599880e-01
9.405652535328345998e-01
9.405405405405405928e-01
9.405158069883527983e-01
9.404910528506034151e-01
9.404662781015820094e-01
9.404414827155351819e-01
9.404166666666666785e-01
9.403918299291371685e-01
9.403669724770642446e-01
9.403420942845223118e-01
9.403171953255425874e-01
9.407098121085595288e-01
9.406850459482037907e-01
9.410781445883827923e-01
9.410535117056856302e-01
9.410288582183187200e-01
9.414225941422593724e-01
9.418166596902469712e-01
9.422110552763819369e-01
9.426057813154586906e-01
9.425817267393126198e-01
9.425576519916142315e-01
9.425335570469798308e-01
9.425094418799832008e-01
9.424853064651553813e-01
9.428811423771524813e-01
9.428571428571428381e-01
9.428331231609919927e-01
9.428090832632464169e-01
9.427850231384097279e-01
9.427609427609427994e-01
9.427368421052632064e-01
9.431339511373210138e-01
9.431099873577749593e-01
9.435075885328836343e-01
9.434837621256854101e-01
9.434599156118143037e-01
9.434360489658083493e-01
9.434121621621621712e-01
9.438107308829741804e-01
9.437869822485207560e-01
9.437632135306553982e-01
9.437394247038917161e-01
9.441388066017774028e-01
9.445385266723116402e-01
9.445150360016941748e-01
9.444915254237288282e-01
9.448919033488766273e-01
9.452926208651399875e-01
9.452694102672889453e-01
9.452461799660440978e-01
9.452229299363057446e-01
9.451996601529312203e-01
9.451763705907352264e-01
9.451530612244898322e-01
9.451297320289238080e-01
9.455319148936169871e-01
9.455087271179225539e-01
9.454855195911413546e-01
9.454622922880272506e-01
9.454390451832906939e-01
9.454157782515991704e-01
9.453924914675767566e-01
9.453691848058045633e-01
9.453458582408198474e-01
9.453225117471165673e-01
9.452991452991452714e-01
9.457032920051303693e-01
9.456800684345594288e-01
9.456568249893024802e-01
9.460616438356164171e-01
9.460385438972163108e-01
9.464438731790917325e-01
9.464209172738963227e-01
9.468267581475128258e-01
9.468039468039467499e-01
9.467811158798282722e-01
9.467582653499355683e-01
9.467353951890034036e-01
9.467125053717232452e-01
9.471195184866724182e-01
9.470967741935484296e-01
9.470740103270223198e-01
9.470512268618166418e-01
9.470284237726098731e-01
9.470056010340370811e-01
9.469827586206897019e-01
9.469598965071150953e-01
9.469370146678171007e-01
9.469141130772550374e-01
9.468911917098445929e-01
9.468682505399568239e-01
9.468452895419187110e-01
9.468223086900129370e-01
9.467993079584775540e-01
9.467762873215058717e-01
9.467532467532467910e-01
9.467301862278042490e-01
9.467071057192374406e-01
9.466840052015604856e-01
9.466608846487424289e-01
9.466377440347071293e-01
9.466145833333333703e-01
9.470256187581415075e-01
9.474370112945265099e-01
9.474141677531507932e-01
9.473913043478260354e-01
9.478033927794693447e-01
9.477806788511748959e-01
9.477579451458424398e-01
9.477351916376306473e-01
9.477124183006535585e-01
9.476896251089799161e-01
9.481029219363279470e-01
9.480802792321116890e-01
9.480576167612396743e-01
9.480349344978166171e-01
9.480122324159021563e-01
9.479895104895105229e-01
9.479667686926104286e-01
9.479440069991250661e-01
9.479212253829322199e-01
9.478984238178633781e-01
9.478756022777047319e-01
9.478527607361962870e-01
9.478298991670319751e-01
9.482456140350876694e-01
9.486616937253181669e-01
9.486391571553994817e-01
9.486166007905137976e-01
9.485714285714286209e-01
9.485488126649076479e-01
9.485261768587769371e-01
9.485035211267606181e-01
9.484808454425363022e-01
9.484581497797356375e-01
9.488761568973116400e-01
9.492945326278660056e-01
9.492721658579620359e-01
9.492497793468667178e-01
9.492273730684326338e-01
9.492049469964664032e-01
9.491825011047282379e-01
9.491600353669319423e-01
9.491375497567448027e-01
9.491150442477875870e-01
9.490925188136343227e-01
9.490699734278121857e-01
9.490474080638015009e-01
9.490248226950354082e-01
9.490022172949001966e-01
9.489795918367347483e-01
9.489569462938304278e-01
9.489342806394316376e-01
9.493558418480675387e-01
9.493333333333333623e-01
9.493108048021342560e-01
9.492882562277580316e-01
9.492656875834445396e-01
9.492430988423864457e-01
9.492204899777282323e-01
9.491978609625668639e-01
9.491752117699510105e-01
9.491525423728813804e-01
9.491298527443106092e-01
9.495535714285714413e-01
9.495310406431443084e-01
9.495084897229669751e-01
9.494859186410371521e-01
9.494633273703041443e-01
9.494407158836688509e-01
9.494180841539838767e-01
9.493954321540528651e-01
9.493727598566308323e-01
9.493500672344240554e-01
9.493273542600897397e-01
9.493046209062360186e-01
9.492818671454219537e-01
9.492590929501572017e-01
9.492362982929020143e-01
9.492134831460674604e-01
9.491906474820144268e-01
9.496176338281601126e-01
9.495949594959496309e-01
9.495722647456100729e-01
9.495495495495495097e-01
9.495268138801261637e-01
9.495040577096482970e-01
9.494812810103744338e-01
9.494584837545125833e-01
9.494356659142212385e-01
9.494128274616079333e-01
9.498418436511523177e-01
9.502712477396021429e-01
9.502487562189054771e-01
9.502262443438913575e-01
9.506564056133997020e-01
9.506340579710145233e-01
9.506116900770276157e-01
9.510426110607433925e-01
9.510204081632652739e-01
9.509981851179672985e-01
9.509759418974126355e-01
9.514078110808356081e-01
9.513857337573830009e-01
9.513636363636364113e-01
9.513415188722146310e-01
9.513193812556869355e-01
9.517523896222120916e-01
9.517304189435337181e-01
9.517084282460136491e-01
9.516864175022788919e-01
9.516643866849064937e-01
9.516423357664233196e-01
9.516202647193062747e-01
9.520547945205479756e-01
9.520328917313841677e-01
9.520109689213893667e-01
9.519890260631000967e-01
9.519670631290026996e-01
9.519450800915332245e-01
9.519230769230768718e-01
9.519010535959688823e-01
9.518790100824930933e-01
9.518569463548830489e-01
9.518348623853211121e-01
9.518127581459384645e-01
9.517906336088154395e-01
9.517684887459807452e-01
9.517463235294117974e-01
9.517241379310344973e-01
9.517019319227231211e-01
9.516797054763000974e-01
9.521178637200736761e-01
9.525564256103178362e-01
9.525345622119815170e-01
9.525126786537574386e-01
9.524907749077490271e-01
9.524688509460083052e-01
9.524469067405355593e-01
9.524249422632794504e-01
9.524029574861367919e-01
9.523809523809523281e-01
9.523589269195189555e-01
9.523368810735770573e-01
9.523148148148148362e-01
9.527559055118109965e-01
9.531974050046339020e-01
9.531757070004636123e-01
9.531539888682746264e-01
9.531322505800463585e-01
9.531104921077065972e-01
9.530887134231305069e-01
9.535315985130111693e-01
9.535099953509995618e-01
9.534883720930232842e-01
9.534667287110283329e-01
9.534450651769087459e-01
9.534233814625058256e-01
9.534016775396085830e-01
9.538461538461538991e-01
9.538246268656715987e-01
9.538030797946803752e-01
9.537815126050420700e-01
9.537599252685661222e-01
9.537383177570093462e-01
9.537166900420757099e-01
9.536950420954162233e-01
9.536733738886289391e-01
9.536516853932583970e-01
9.536299765807962903e-01
9.536082474226804662e-01
9.535864978902953704e-01
9.535647279549718247e-01
9.535429375879868052e-01
9.535211267605633312e-01
9.534992954438703539e-01
9.539473684210526550e-01
9.539257169722613616e-01
9.543744120413922838e-01
9.543529411764706261e-01
9.548022598870056221e-01
9.547809703250117463e-01
9.547596606974552147e-01
9.547383309759547299e-01
9.547169811320754818e-01
9.546956111373289255e-01
9.551463644948063880e-01
9.551251771374587030e-01
9.551039697542532680e-01
9.550827423167849162e-01
9.550614947965940793e-01
9.550402271651680097e-01
9.550189393939394478e-01
9.549976314542870659e-01
9.549763033175355798e-01
9.549549549549549710e-01
9.549335863377609313e-01
9.549121974371144184e-01
9.548907882241215450e-01
9.548693586698336899e-01
9.548479087452471648e-01
9.548264384213028810e-01
9.548049476688867943e-01
9.547834364588291267e-01
9.547619047619048116e-01
9.547403525488328269e-01
9.551954242135366480e-01
9.551740581783499939e-01
9.556297709923664563e-01
9.560859188544152953e-01
9.560649474689589811e-01
9.560439560439560891e-01
9.560229445506691626e-01
9.560019129603061216e-01
9.559808612440191533e-01
9.559597893729057105e-01
9.564176245210728178e-01
9.563967417345472510e-01
9.568552253116011652e-01
9.568345323741007658e-01
9.568138195777351473e-01
9.567930868939030775e-01
9.567723342939481457e-01
9.567515617491590962e-01
9.567307692307692735e-01
9.567099567099567325e-01
9.566891241578441285e-01
9.566682715454982722e-01
9.566473988439306853e-01
9.566265060240963791e-01
9.570877531340404865e-01
9.570670525808008255e-01
9.570463320463320489e-01
9.570255915016899761e-01
9.570048309178743606e-01
9.569840502658288894e-01
9.569632495164409614e-01
9.569424286405417979e-01
9.569215876089061101e-01
9.569007263922517659e-01
9.568798449612403445e-01
9.568589432864760269e-01
9.568380213385062616e-01
9.568170790878214316e-01
9.567961165048544103e-01
9.567751335599805618e-01
9.567541302235179623e-01
9.567331064657267348e-01
9.567120622568093813e-01
9.566909975669100064e-01
9.566699123661148718e-01
9.566488066244520638e-01
9.566276803118908267e-01
9.566065333983422292e-01
9.565853658536584980e-01
9.565641776476330183e-01
9.565429687500000000e-01
9.565217391304348116e-01
9.569892473118279952e-01
9.569682151589241625e-01
9.569471624266144838e-01
9.569260890846793544e-01
9.569049951028403278e-01
9.568838804507594498e-01
9.568627450980392579e-01
9.568415890142226710e-01
9.568204121687929886e-01
9.567992145311733365e-01
9.567779960707268883e-01
9.567567567567567544e-01
9.567354965585054272e-01
9.567142154451548919e-01
9.566929133858267376e-01
9.566715903495814910e-01
9.566502463054187277e-01
9.566288812222769611e-01
9.566074950690335310e-01
9.565860878145041601e-01
9.565646594274432868e-01
9.565432098765431768e-01
9.565217391304348116e-01
9.565002471576865561e-01
9.564787339268051580e-01
9.564571994062345262e-01
9.564356435643563970e-01
9.564140663694898903e-01
9.563924677898909543e-01
9.563708477937531427e-01
9.563492063492063933e-01
9.563275434243175832e-01
9.568023833167824677e-01
9.567809239940388011e-01
9.567594433399602138e-01
9.567379413227250495e-01
9.572139303482587458e-01
9.571926331508212593e-01
9.571713147410358946e-01
9.571499750871947931e-01
9.571286141575273687e-01
9.571072319201995304e-01
9.570858283433133495e-01
9.570644033949076146e-01
9.570429570429570543e-01
9.570214892553723374e-01
9.569999999999999618e-01
9.569784892446223656e-01
9.569569569569569278e-01
9.569354031046569675e-01
9.569138276553106337e-01
9.568922305764411274e-01
9.568706118355064794e-01
9.568489713998996615e-01
9.568273092369478094e-01
9.568056253139125555e-01
9.567839195979899181e-01
9.567621920563097460e-01
9.567404426559356079e-01
9.567186713638651252e-01
9.566968781470291949e-01
9.566750629722922117e-01
9.566532258064516236e-01
9.566313666162380436e-01
9.566094853683148047e-01
9.565875820292781828e-01
9.565656565656566190e-01
9.565437089439110530e-01
9.565217391304348116e-01
9.564997470915528321e-01
9.564777327935222173e-01
9.564556962025316800e-01
9.564336372847010992e-01
9.569183983781044400e-01
9.568965517241379004e-01
9.568746829020801092e-01
9.568527918781726260e-01
9.568308786185880654e-01
9.568089430894308745e-01
9.567869852567361111e-01
9.567650050864699995e-01
9.567430025445292641e-01
9.567209775967413510e-01
9.566989302088639846e-01
9.571865443425076059e-01
9.571647118816930533e-01
9.571428571428571841e-01
9.571209800918836219e-01
9.570990806945862683e-01
9.570771589167093030e-01
9.570552147239264063e-01
9.570332480818414256e-01
9.570112589559877092e-01
9.569892473118279952e-01
9.569672131147540783e-01
9.569451563300871433e-01
9.569230769230768763e-01
9.569009748589020203e-01
9.568788501026693760e-01
9.568567026194144676e-01
9.568345323741007658e-01
9.568123393316195768e-01
9.567901234567901536e-01
9.567678847143592513e-01
9.567456230690010166e-01
9.567233384853168765e-01
9.567010309278350944e-01
9.566787003610108808e-01
9.566563467492260608e-01
9.566339700567888515e-01
9.566115702479338623e-01
9.565891472868216505e-01
9.565667011375388329e-01
9.565442317640973080e-01
9.565217391304348116e-01
9.564992232004142503e-01
9.564766839378238128e-01
9.564541213063764147e-01
9.564315352697095873e-01
9.564089257913855890e-01
9.563862928348909609e-01
9.563636363636364157e-01
9.563409563409563940e-01
9.563182527301091751e-01
9.562955254942767658e-01
9.562727745965642345e-01
9.562500000000000444e-01
9.562272016675351649e-01
9.562043795620438491e-01
9.567031820552946986e-01
9.566805845511482387e-01
9.566579634464752457e-01
9.566353187042841988e-01
9.566126502875065274e-01
9.565899581589958345e-01
9.565672422815280074e-01
9.565445026178009957e-01
9.565217391304348116e-01
9.564989517819706411e-01
9.564761405348715106e-01
9.564533053515215100e-01
9.564304461942256808e-01
9.564075630252101279e-01
9.563846558066211312e-01
9.563617245005258116e-01
9.563387690689111320e-01
9.563157894736842302e-01
9.562927856766719747e-01
9.562697576396206323e-01
9.562467053241960890e-01
9.562236286919830741e-01
9.562005277044854923e-01
9.561774023231256470e-01
9.566825145272055408e-01
9.571881606765327843e-01
9.571655208884187749e-01
9.571428571428571841e-01
9.571201694017998918e-01
9.570974576271186196e-01
9.576046634870164498e-01
9.575821845174973257e-01
9.575596816976127412e-01
9.575371549893842982e-01
9.575146043547531072e-01
9.574920297555791215e-01
9.574694311536416924e-01
9.574468085106383475e-01
9.574241617881852351e-01
9.574014909478167912e-01
9.573787959509856282e-01
9.573560767590618692e-01
9.573333333333333695e-01
9.573105656350053838e-01
9.572877736252002334e-01
9.572649572649573058e-01
9.572421165152324996e-01
9.572192513368984468e-01
9.571963616907437356e-01
9.571734475374732432e-01
9.571505088377075809e-01
9.571275455519828723e-01
9.571045576407506417e-01
9.576180257510729099e-01
9.575952764358561797e-01
9.575725026852845989e-01
9.575497044599677876e-01
9.575268817204301008e-01
9.575040344271114057e-01
9.574811625403659709e-01
9.574582660204631335e-01
9.574353448275861878e-01
9.574123989218328301e-01
9.573894282632147146e-01
9.573664328116567868e-01
9.573434125269978390e-01
9.573203673689897331e-01
9.572972972972972894e-01
9.572742022714980648e-01
9.572510822510822415e-01
9.572279371954520721e-01
9.572047670639219907e-01
9.571815718157181685e-01
9.577006507592190632e-01
9.576776994031470647e-01
9.576547231270358118e-01
9.576317218902770101e-01
9.576086956521738802e-01
9.575856443719412692e-01
9.575625680087050950e-01
9.575394665215024581e-01
9.575163398692810857e-01
9.574931880108992210e-01
9.574700109051254016e-01
9.574468085106383475e-01
9.574235807860261849e-01
9.574003276897870007e-01
9.573770491803278437e-01
9.573537452159650574e-01
9.573304157549233917e-01
9.573070607553366695e-01
9.572836801752464542e-01
9.572602739726027155e-01
9.577850877192982670e-01
9.577619308831596401e-01
9.577387486278814421e-01
9.577155409115870599e-01
9.576923076923077316e-01
9.576690489279824359e-01
9.576457645764576698e-01
9.576224545954871159e-01
9.575991189427313088e-01
9.581267217630854427e-01
9.581036383682469681e-01
9.586321014892443815e-01
9.586092715231787631e-01
9.585864163445609876e-01
9.585635359116022602e-01
9.585406301824211939e-01
9.585176991150442527e-01
9.584947426674045312e-01
9.584717607973421982e-01
9.584487534626038308e-01
9.584257206208425250e-01
9.584026622296173414e-01
9.583795782463928603e-01
9.583564686285397372e-01
9.583333333333333703e-01
9.583101723179544562e-01
9.582869855394883229e-01
9.582637729549248196e-01
9.582405345211580938e-01
9.582172701949860372e-01
9.581939799331103957e-01
9.581706636921361042e-01
9.581473214285713969e-01
9.581239530988274744e-01
9.581005586592178380e-01
9.580771380659586223e-01
9.580536912751678180e-01
9.580302182428651614e-01
9.580067189249720228e-01
9.579831932773109626e-01
9.579596412556053986e-01
9.579360628154794943e-01
9.579124579124579375e-01
9.578888265019651627e-01
9.578651685393257953e-01
9.578414839797638747e-01
9.578177727784027429e-01
9.577940348902644896e-01
9.577702702702702853e-01
9.577464788732393819e-01
9.577226606538895570e-01
9.576988155668358926e-01
9.576749435665914412e-01
9.576510446075663374e-01
9.576271186440677985e-01
9.576031656302995687e-01
9.575791855203620306e-01
9.575551782682513169e-01
9.575311438278595322e-01
9.575070821529745313e-01
9.574829931972789199e-01
9.574588769143504985e-01
9.574347332576617076e-01
9.574105621805791833e-01
9.573863636363636465e-01
9.573621375781694587e-01
9.573378839590444001e-01
9.573136027319294472e-01
9.572892938496583293e-01
9.572649572649573058e-01
9.572405929304447225e-01
9.572162007986309007e-01
9.571917808219178037e-01
9.571673329525984819e-01
9.571428571428571841e-01
9.571183533447684688e-01
9.570938215102975377e-01
9.570692615912993473e-01
9.570446735395189419e-01
9.570200573065902327e-01
9.569954128440366636e-01
9.569707401032702121e-01
9.569460390355912782e-01
9.569213095921883516e-01
9.568965517241379004e-01
9.568717653824037050e-01
9.568469505178366363e-01
9.568221070811744333e-01
9.573732718894009119e-01
9.573487031700288474e-01
9.573241061130334240e-01
9.572994806693594372e-01
9.578521939953810183e-01
9.584055459272097233e-01
9.583815028901734312e-01
9.583574320416425874e-01
9.583333333333333703e-01
9.583092067168500483e-01
9.588644264194670086e-01
9.588405797101449135e-01
9.588167053364269332e-01
9.587928032501450426e-01
9.593495934959349603e-01
9.593259732713538268e-01
9.593023255813953876e-01
9.592786503781267626e-01
9.592549476135040498e-01
9.592312172393709924e-01
9.592074592074592010e-01
9.591836734693877098e-01
9.591360186806772159e-01
9.591121495327102897e-01
9.590882524839274836e-01
9.590643274853800637e-01
9.590403744880047210e-01
9.590163934426229053e-01
9.589923842999413806e-01
9.589683470105510033e-01
9.589442815249267227e-01
9.595070422535211252e-01
9.594832648267762609e-01
9.594594594594594295e-01
9.594356261022927157e-01
9.594117647058824083e-01
9.593878752207181115e-01
9.593639575971731892e-01
9.593400117855038767e-01
9.593160377358490587e-01
9.598820058997049598e-01
9.598583234946871379e-01
9.598346131128174807e-01
9.598108747044917788e-01
9.597871082199881387e-01
9.597633136094674278e-01
9.597394908229721633e-01
9.597156398104265129e-01
9.596917605216360725e-01
9.596678529062870888e-01
9.596439169139465708e-01
9.596199524940617342e-01
9.595959595959595578e-01
9.595719381688465610e-01
9.595478881618084710e-01
9.595238095238095566e-01
9.594997022036926282e-01
9.594755661501788158e-01
9.594514013118664586e-01
9.594272076372315494e-01
9.599999999999999645e-01
9.599761051373955079e-01
9.599521817095039156e-01
9.599282296650717416e-01
9.605026929982046768e-01
9.604790419161676196e-01
9.610545236668663893e-01
9.610311750599520586e-01
9.610077984403119222e-01
9.609843937575029971e-01
9.609609609609609526e-01
9.615384615384615641e-01
9.615153337342152717e-01
9.620938628158844930e-01
9.620710415412402350e-01
9.620481927710843317e-01
9.620253164556962222e-01
9.620024125452352193e-01
9.619794809897405097e-01
9.619565217391304879e-01
9.619335347432024230e-01
9.619105199516324589e-01
9.618874773139746148e-01
9.618644067796610075e-01
9.618413082980011852e-01
9.618181818181817944e-01
9.617950272892662467e-01
9.623786407766989903e-01
9.623557984213721994e-01
9.623329283110571009e-01
9.623100303951367396e-01
9.622871046228710368e-01
9.622641509433962348e-01
9.622411693057246751e-01
9.622181596587446872e-01
9.621951219512194786e-01
9.621720561317876896e-01
9.627594627594627807e-01
9.627367135003054299e-01
9.627139364303178848e-01
9.626911314984709644e-01
9.632802937576498969e-01
9.632578077158603369e-01
9.632352941176470784e-01
9.632127529123237775e-01
9.638036809815950789e-01
9.637814610190300613e-01
9.637592137592138064e-01
9.637369391518131323e-01
9.637146371463715111e-01
9.636923076923077369e-01
9.636699507389162589e-01
9.636475662353666261e-01
9.636251541307028212e-01
9.636027143738432610e-01
9.641975308641975717e-01
9.641754169240271954e-01
9.641532756489493705e-01
9.641311069882498863e-01
9.641089108910890770e-01
9.640866873065015996e-01
9.640644361833953235e-01
9.640421574705517749e-01
9.640198511166253592e-01
9.639975170701428064e-01
9.645962732919254323e-01
9.645742697327532866e-01
9.645522388059701857e-01
9.645301804604853313e-01
9.645080946450809156e-01
9.644859813084112332e-01
9.644638403990024589e-01
9.644416718652526477e-01
9.644194756554307357e-01
9.643749999999999822e-01
9.643527204502814199e-01
9.643304130162703158e-01
9.643080776455854597e-01
9.642857142857143016e-01
9.642633228840125081e-01
9.642409033877038516e-01
9.648462021343376938e-01
9.648241206030150341e-01
9.648020113136391851e-01
9.647798742138364858e-01
9.647577092511012697e-01
9.647355163727959759e-01
9.647132955261499276e-01
9.646910466582597765e-01
9.646687697160882813e-01
9.646464646464646409e-01
9.646241313960833841e-01
9.646017699115043698e-01
9.645793801391524536e-01
9.645569620253164889e-01
9.645345155161494377e-01
9.645120405576679268e-01
9.644895370957514702e-01
9.644670050761421365e-01
9.644444444444444375e-01
9.644218551461245514e-01
9.643992371265098784e-01
9.650127226463104391e-01
9.656269891788669124e-01
9.656050955414012815e-01
9.655831739961758808e-01
9.655612244897958663e-01
9.655392469687300583e-01
9.661558109833972008e-01
9.667731629392971593e-01
9.667519181585677579e-01
9.667306461932181350e-01
9.667093469910371661e-01
9.666880204996797232e-01
9.666666666666666741e-01
9.666452854393842165e-01
9.666238767650834340e-01
9.666024405908798522e-01
9.665809768637532162e-01
9.665594855305466027e-01
9.665379665379665308e-01
9.665164198325820744e-01
9.664948453608247503e-01
9.664732430689877418e-01
9.664516129032257874e-01
9.664299548095545145e-01
9.664082687338501065e-01
9.663865546218487479e-01
9.663648124191461797e-01
9.663430420711973667e-01
9.663212435233160535e-01
9.662994167206739871e-01
9.662775616083009167e-01
9.662556781310837062e-01
9.668831168831168998e-01
9.668615984405457553e-01
9.668400520156046341e-01
9.668184775536760034e-01
9.667968750000000000e-01
9.667752442996743190e-01
9.667535853976532145e-01
9.667318982387475002e-01
9.667101827676239933e-01
9.673416067929457851e-01
9.673202614379085018e-01
9.672988881621975565e-01
9.679319371727748145e-01
9.679109364767517487e-01
9.678899082568807044e-01
9.678688524590164377e-01
9.678477690288713742e-01
9.678266579120157198e-01
9.678055190538764618e-01
9.677843523997370356e-01
9.677631578947368807e-01
9.677419354838709964e-01
9.683794466403161660e-01
9.683586025049439883e-01
9.683377308707123987e-01
9.683168316831682887e-01
9.682959048877146646e-01
9.682749504296100929e-01
9.682539682539682557e-01
9.682119205298013176e-01
9.681908548707753859e-01
9.681697612732095282e-01
9.681486396814863449e-01
9.681063122923587727e-01
9.680851063829787329e-01
9.680638722554890663e-01
9.680426098535286350e-01
9.680213191205863099e-01
9.679999999999999716e-01
9.679786524349566212e-01
9.679572763684912706e-01
9.679358717434869419e-01
9.679144385026737796e-01
9.685408299866131721e-01
9.685197588747488373e-01
9.684986595174263080e-01
9.684775318578136005e-01
9.684563758389261867e-01
9.684351914036265496e-01
9.684139784946236285e-01
9.683927370544720414e-01
9.683714670255719748e-01
9.683501683501684054e-01
9.683288409703504351e-01
9.683074848280512903e-01
9.689608636977058431e-01
9.689399054692775515e-01
9.689189189189189033e-01
9.688979039891818523e-01
9.688768606224628099e-01
9.695121951219511924e-01
9.694915254237288504e-01
9.694708276797828761e-01
9.701289884589273660e-01
9.701086956521739468e-01
9.700680272108843649e-01
9.700476514635806291e-01
9.700272479564032713e-01
9.700068166325834795e-01
9.699863574351977880e-01
9.699658703071671884e-01
9.699453551912567972e-01
9.699248120300751896e-01
9.699042407660738441e-01
9.698836413415469204e-01
9.698630136986301498e-01
9.698423577793009454e-01
9.698216735253771814e-01
9.698009608785175262e-01
9.697802197802197766e-01
9.697594501718213023e-01
9.697386519944979355e-01
9.697178251892636380e-01
9.696969696969697239e-01
9.696760854583046374e-01
9.696551724137930650e-01
9.696342305037957132e-01
9.696132596685083094e-01
9.695922598479612686e-01
9.695712309820193608e-01
9.695501730103806004e-01
9.695290858725761352e-01
9.695079695079694693e-01
9.694868238557559081e-01
9.694656488549617812e-01
9.694444444444444420e-01
9.694232105628909357e-01
9.694019471488177775e-01
9.693806541405706190e-01
9.700557103064066933e-01
9.700348432055748704e-01
9.700139470013946497e-01
9.699930216329378796e-01
9.699720670391061006e-01
9.699510831586303228e-01
9.699300699300699158e-01
9.699090272918124978e-01
9.698879551820728251e-01
9.698668535388927925e-01
9.698457223001402117e-01
9.698245614035088114e-01
9.698033707865169051e-01
9.697821503865073911e-01
9.697609001406469753e-01
9.697396199859253940e-01
9.697183098591549699e-01
9.696755994358251529e-01
9.696541990119972310e-01
9.696327683615819648e-01
9.696113074204947280e-01
9.695898161244695945e-01
9.695682944090587840e-01
9.695467422096317733e-01
9.695251594613749635e-01
9.695035460992907916e-01
9.694819020581972868e-01
9.694602272727272929e-01
9.694385216773276914e-01
9.694167852062588464e-01
9.693950177935942714e-01
9.693732193732194080e-01
9.693513898788310712e-01
9.693295292439372268e-01
9.693076374018557706e-01
9.692857142857143060e-01
9.692637598284489231e-01
9.692197566213314186e-01
9.691977077363896909e-01
9.691756272401433892e-01
9.691535150645623764e-01
9.691313711414213383e-01
9.691091954022988952e-01
9.690869877785766029e-01
9.690647482014388414e-01
9.690424766018718161e-01
9.690201729106627804e-01
9.689978370583993694e-01
9.689754689754689343e-01
9.689530685920577646e-01
9.689306358381503115e-01
9.689081706435285213e-01
9.688856729377713917e-01
9.695872556118754204e-01
9.695652173913043015e-01
9.695431472081218471e-01
9.695210449927430529e-01
9.694989106753812980e-01
9.694767441860464574e-01
9.701818181818181452e-01
9.708879184861717304e-01
9.708667152221412966e-01
9.708454810495626974e-01
9.708242159008023675e-01
9.708029197080292327e-01
9.707815924032140442e-01
9.707602339181286011e-01
9.707388441843453064e-01
9.707174231332357239e-01
9.706959706959706891e-01
9.706744868035190876e-01
9.706529713866470788e-01
9.706314243759177618e-01
9.706098457016899550e-01
9.705882352941176405e-01
9.705449189985272396e-01
9.705232129697862753e-01
9.705014749262537155e-01
9.704797047970479262e-01
9.704579025110783297e-01
9.704360679970436276e-01
9.704142011834319126e-01
9.703923019985196685e-01
9.703703703703703276e-01
9.710896960711637993e-01
9.710682492581602654e-01
9.710467706013362621e-01
9.710252600297176739e-01
9.710037174721189990e-01
9.709605361131794510e-01
9.716840536512667548e-01
9.716629381058911052e-01
9.716206123973114561e-01
9.715994020926755903e-01
9.715781600598354384e-01
9.715568862275448803e-01
9.715355805243445220e-01
9.715142428785606965e-01
9.714928732183045756e-01
9.714714714714715038e-01
9.714500375657399989e-01
9.714285714285714191e-01
9.714070729872084087e-01
9.713639788997738833e-01
9.713423831070889802e-01
9.713207547169810940e-01
9.712990936555890853e-01
9.712773998488284377e-01
9.712556732223903699e-01
9.712339137017410584e-01
9.712121212121211933e-01
9.719484457922669129e-01
9.719271623672230964e-01
9.719058466211085712e-01
9.718844984802431641e-01
9.718417047184170210e-01
9.718202589489718379e-01
9.717987804878048808e-01
9.717772692601067686e-01
9.717557251908397475e-01
9.717341482047364698e-01
9.717125382262996602e-01
9.716908951798011174e-01
9.716692189892802700e-01
9.724137931034482207e-01
9.723926380368098643e-01
9.723714504988487661e-01
9.723502304147465525e-01
9.723289777094542563e-01
9.723076923076923173e-01
9.722863741339491384e-01
9.722650231124807529e-01
9.722436391673091594e-01
9.722222222222222099e-01
9.722007722007721675e-01
9.721792890262751508e-01
9.721577726218096904e-01
9.721146398140976252e-01
9.720930232558139261e-01
9.720713731574863736e-01
9.720496894409937916e-01
9.720279720279719760e-01
9.720062208398133619e-01
9.719626168224299034e-01
9.719407638347622447e-01
9.726989079563183038e-01
9.726775956284152702e-01
9.726562500000000000e-01
9.726348709929633074e-01
9.726134585289515355e-01
9.733542319749216576e-01
9.733333333333333837e-01
9.733124018838305025e-01
9.732914375490966385e-01
9.732704402515722775e-01
9.740361919748229402e-01
9.740157480314960425e-01
9.739747634069401139e-01
9.739542225730071223e-01
9.739336492890995345e-01
9.739130434782609091e-01
9.738924050632911111e-01
9.738717339667458672e-01
9.738510301109349898e-01
9.738302934179222659e-01
9.738095238095237915e-01
9.737678855325914151e-01
9.737470167064439241e-01
9.737261146496815067e-01
9.737051792828684826e-01
9.736842105263158187e-01
9.736632083000797966e-01
9.736421725239616798e-01
9.736211031175060482e-01
9.736000000000000210e-01
9.735788630904723684e-01
9.735576923076922906e-01
9.735364875701684184e-01
9.743178170144461969e-01
9.742971887550200272e-01
9.742558326629122689e-01
9.742143432715552054e-01
9.741935483870968193e-01
9.741727199354317523e-01
9.741518578352180713e-01
9.741309620048504980e-01
9.741100323624595214e-01
9.740890688259109531e-01
9.740680713128039292e-01
9.740470397404703551e-01
9.748376623376623362e-01
9.747762408462163908e-01
9.747557003257328878e-01
9.747351263243684283e-01
9.746732026143790639e-01
9.754500818330605894e-01
9.754299754299754488e-01
9.754098360655737432e-01
9.753896636587366942e-01
9.753694581280788478e-01
9.753492193919474085e-01
9.761120263591432922e-01
9.760923330585326019e-01
9.760132340777502025e-01
9.759933774834437248e-01
9.759734879867439927e-01
9.759535655058043657e-01
9.759336099585061985e-01
9.767248545303408580e-01
9.767054908485857112e-01
9.766666666666666829e-01
9.766472060050042092e-01
9.766277128547579123e-01
9.765886287625418216e-01
9.765690376569037268e-01
9.765494137353434301e-01
9.765297569153394974e-01
9.765100671140939381e-01
9.764903442485306506e-01
9.764507989907484919e-01
9.764309764309764272e-01
9.764111204717775827e-01
9.763713080168776592e-01
9.763313609467455523e-01
9.762912785774766622e-01
9.762510602205258792e-01
9.762107051826678372e-01
9.761904761904761640e-01
9.761702127659575012e-01
9.761499148211243426e-01
9.761295822676896439e-01
9.760683760683760424e-01
9.760068551842330242e-01
9.759656652360515494e-01
9.759036144578313587e-01
9.758828596037898429e-01
9.757994814174589804e-01
9.757155247181266144e-01
9.765421372719373938e-01
9.773913043478260620e-01
9.782229965156794549e-01
9.781849912739964958e-01
9.780701754385965341e-01
9.779735682819383769e-01
9.779346866725507903e-01
9.787422497785650544e-01
9.786476868327401712e-01
9.794459338695263861e-01
9.793351302785264778e-01
9.792605951307483680e-01
9.791666666666666297e-01
9.791288566243193658e-01
9.790528233151184478e-01
9.789377289377289015e-01
9.797047970479705326e-01
9.795918367346938549e-01
9.802631578947368363e-01
9.800380228136882366e-01
9.807692307692307265e-01
9.806201550387596555e-01
9.804113614103819874e-01
9.820359281437125443e-01
9.824922760041194802e-01
9.849785407725322184e-01
9.868421052631578538e-01
1.000000000000000000e+00
