0.000000000000000000e+00
0.000000000000000000e+00
0.000000000000000000e+00
2.024291497975708523e-03
2.024291497975708523e-03
1.214574898785425114e-02
1.214574898785425114e-02
1.417004048582995966e-02
1.417004048582995966e-02
1.619433198380566818e-02
1.619433198380566818e-02
1.821862348178137497e-02
1.821862348178137497e-02
2.024291497975708523e-02
2.024291497975708523e-02
2.226720647773279202e-02
2.226720647773279202e-02
2.429149797570850228e-02
2.429149797570850228e-02
2.631578947368420907e-02
2.631578947368420907e-02
2.834008097165991932e-02
2.834008097165991932e-02
3.238866396761133637e-02
3.238866396761133637e-02
3.441295546558704316e-02
3.441295546558704316e-02
3.643724696356274995e-02
3.643724696356274995e-02
3.846153846153846367e-02
3.846153846153846367e-02
4.048582995951417046e-02
4.048582995951417046e-02
4.251012145748987725e-02
4.251012145748987725e-02
4.453441295546558404e-02
4.453441295546558404e-02
4.655870445344129777e-02
4.655870445344129777e-02
4.858299595141700455e-02
4.858299595141700455e-02
5.060728744939271134e-02
5.060728744939271134e-02
5.263157894736841813e-02
5.263157894736841813e-02
5.668016194331983865e-02
5.668016194331983865e-02
5.870445344129554543e-02
5.870445344129554543e-02
6.680161943319838647e-02
6.680161943319838647e-02
6.882591093117408632e-02
6.882591093117408632e-02
7.085020242914980004e-02
7.085020242914980004e-02
7.287449392712549989e-02
7.287449392712549989e-02
8.097165991902834092e-02
8.097165991902834092e-02
8.502024291497975450e-02
8.502024291497975450e-02
8.704453441295546823e-02
8.704453441295546823e-02
8.906882591093116808e-02
8.906882591093116808e-02
9.109311740890688180e-02
9.109311740890688180e-02
9.311740890688259553e-02
9.311740890688259553e-02
9.514170040485829538e-02
9.514170040485829538e-02
9.716599190283400911e-02
9.716599190283400911e-02
9.919028340080972284e-02
9.919028340080972284e-02
1.052631578947368363e-01
1.052631578947368363e-01
1.093117408906882637e-01
1.093117408906882637e-01
1.113360323886639636e-01
1.113360323886639636e-01
1.133603238866396773e-01
1.133603238866396773e-01
1.174089068825910909e-01
1.174089068825910909e-01
1.214574898785425044e-01
1.214574898785425044e-01
1.255060728744939180e-01
1.255060728744939180e-01
1.275303643724696456e-01
1.275303643724696456e-01
1.376518218623481726e-01
1.376518218623481726e-01
1.417004048582996001e-01
1.417004048582996001e-01
1.477732793522267274e-01
1.477732793522267274e-01
1.518218623481781271e-01
1.518218623481781271e-01
1.538461538461538547e-01
1.538461538461538547e-01
1.599190283400809820e-01
1.599190283400809820e-01
1.619433198380566818e-01
1.619433198380566818e-01
1.639676113360323817e-01
1.639676113360323817e-01
1.680161943319838092e-01
1.680161943319838092e-01
1.801619433198380638e-01
1.801619433198380638e-01
1.842105263157894635e-01
1.842105263157894635e-01
1.943319838056680182e-01
1.943319838056680182e-01
1.963562753036437181e-01
1.963562753036437181e-01
2.024291497975708454e-01
2.024291497975708454e-01
2.044534412955465452e-01
2.044534412955465452e-01
2.064777327935222728e-01
2.064777327935222728e-01
2.105263157894736725e-01
2.105263157894736725e-01
2.125506072874494001e-01
2.125506072874494001e-01
2.165991902834007998e-01
2.165991902834007998e-01
2.246963562753036547e-01
2.246963562753036547e-01
2.307692307692307820e-01
2.307692307692307820e-01
2.388663967611336092e-01
2.388663967611336092e-01
2.408906882591093090e-01
2.408906882591093090e-01
2.429149797570850089e-01
2.429149797570850089e-01
2.489878542510121362e-01
2.489878542510121362e-01
2.510121457489878360e-01
2.510121457489878360e-01
2.611336032388664186e-01
2.611336032388664186e-01
2.773279352226720729e-01
2.773279352226720729e-01
2.813765182186234726e-01
2.813765182186234726e-01
3.056680161943319818e-01
3.056680161943319818e-01
3.137651821862348367e-01
3.137651821862348367e-01
3.299595141700404910e-01
3.299595141700404910e-01
3.400809716599190180e-01
3.400809716599190180e-01
3.441295546558704177e-01
3.441295546558704177e-01
3.502024291497975450e-01
3.502024291497975450e-01
3.603238866396761275e-01
3.603238866396761275e-01
3.663967611336032548e-01
3.663967611336032548e-01
3.906882591093117640e-01
3.906882591093117640e-01
4.008097165991902910e-01
4.008097165991902910e-01
4.028340080971660186e-01
4.028340080971660186e-01
4.170040485829959453e-01
4.170040485829959453e-01
4.372469635627530549e-01
4.372469635627530549e-01
4.696356275303643635e-01
4.696356275303643635e-01
4.716599190283400911e-01
4.716599190283400911e-01
4.858299595141700178e-01
4.858299595141700178e-01
5.283400809716599644e-01
5.283400809716599644e-01
6.032388663967611642e-01
6.032388663967611642e-01
6.093117408906882915e-01
6.093117408906882915e-01
6.214574898785425461e-01
6.214574898785425461e-01
6.862348178137651633e-01
6.862348178137651633e-01
1.000000000000000000e+00
