0.000000000000000000e+00
2.024291497975708523e-03
5.870445344129554543e-02
5.870445344129554543e-02
1.396761133603239002e-01
1.396761133603239002e-01
1.639676113360323817e-01
1.639676113360323817e-01
2.105263157894736725e-01
2.105263157894736725e-01
3.603238866396761275e-01
3.603238866396761275e-01
3.623481781376517996e-01
3.623481781376517996e-01
3.744939271255060542e-01
3.744939271255060542e-01
3.866396761133603088e-01
3.866396761133603088e-01
3.967611336032388913e-01
3.967611336032388913e-01
4.696356275303643635e-01
4.696356275303643635e-01
4.757085020242914908e-01
4.757085020242914908e-01
4.817813765182186181e-01
4.817813765182186181e-01
4.838056680161943457e-01
4.838056680161943457e-01
5.101214574898785825e-01
5.101214574898785825e-01
5.121457489878542546e-01
5.121457489878542546e-01
5.161943319838057098e-01
5.161943319838057098e-01
5.222672064777328371e-01
5.222672064777328371e-01
5.465587044534413463e-01
5.465587044534413463e-01
5.971659919028340369e-01
5.971659919028340369e-01
5.991902834008097090e-01
5.991902834008097090e-01
6.255060728744938903e-01
6.255060728744938903e-01
6.356275303643724728e-01
6.356275303643724728e-01
6.396761133603239280e-01
6.396761133603239280e-01
6.700404858299595645e-01
6.700404858299595645e-01
6.761133603238866918e-01
6.761133603238866918e-01
6.801619433198380360e-01
6.801619433198380360e-01
6.943319838056679627e-01
6.943319838056679627e-01
7.004048582995950900e-01
7.004048582995950900e-01
7.145748987854251277e-01
7.145748987854251277e-01
7.186234817813764719e-01
7.186234817813764719e-01
7.368421052631578538e-01
7.368421052631578538e-01
7.611336032388663630e-01
7.611336032388663630e-01
7.631578947368421462e-01
7.631578947368421462e-01
7.651821862348178183e-01
7.651821862348178183e-01
7.914979757085019996e-01
7.914979757085019996e-01
8.076923076923077094e-01
8.076923076923077094e-01
8.178137651821861809e-01
8.178137651821861809e-01
8.198380566801619640e-01
8.198380566801619640e-01
8.238866396761133082e-01
8.238866396761133082e-01
8.299595141700404355e-01
8.299595141700404355e-01
8.380566801619433459e-01
8.380566801619433459e-01
8.400809716599190180e-01
8.400809716599190180e-01
8.481781376518218174e-01
8.481781376518218174e-01
8.502024291497976005e-01
8.502024291497976005e-01
8.522267206477732726e-01
8.522267206477732726e-01
8.542510121457489447e-01
8.542510121457489447e-01
8.562753036437247278e-01
8.562753036437247278e-01
8.582995951417003999e-01
8.582995951417003999e-01
8.603238866396760720e-01
8.603238866396760720e-01
8.623481781376518551e-01
8.623481781376518551e-01
8.744939271255061097e-01
8.744939271255061097e-01
8.825910931174089091e-01
8.825910931174089091e-01
8.906882591093117085e-01
8.906882591093117085e-01
8.987854251012146189e-01
8.987854251012146189e-01
9.008097165991902910e-01
9.008097165991902910e-01
9.048582995951417463e-01
9.048582995951417463e-01
9.068825910931174183e-01
9.068825910931174183e-01
9.089068825910930904e-01
9.089068825910930904e-01
9.109311740890688736e-01
9.109311740890688736e-01
9.190283400809716730e-01
9.190283400809716730e-01
9.210526315789473450e-01
9.210526315789473450e-01
9.230769230769231282e-01
9.230769230769231282e-01
9.271255060728744724e-01
9.271255060728744724e-01
9.291497975708502555e-01
9.291497975708502555e-01
9.311740890688259276e-01
9.311740890688259276e-01
9.372469635627530549e-01
9.372469635627530549e-01
9.392712550607287270e-01
9.392712550607287270e-01
9.412955465587043991e-01
9.412955465587043991e-01
9.433198380566801822e-01
9.433198380566801822e-01
9.453441295546558543e-01
9.453441295546558543e-01
9.473684210526315264e-01
9.473684210526315264e-01
9.493927125506073095e-01
9.493927125506073095e-01
9.514170040485829816e-01
9.514170040485829816e-01
9.554655870445344368e-01
9.554655870445344368e-01
9.574898785425101089e-01
9.574898785425101089e-01
9.615384615384615641e-01
9.615384615384615641e-01
9.635627530364372362e-01
9.635627530364372362e-01
9.655870445344129083e-01
9.655870445344129083e-01
9.676113360323886914e-01
9.676113360323886914e-01
9.696356275303643635e-01
9.696356275303643635e-01
9.716599190283400356e-01
9.716599190283400356e-01
9.736842105263158187e-01
9.736842105263158187e-01
9.757085020242914908e-01
9.757085020242914908e-01
9.777327935222671629e-01
9.777327935222671629e-01
9.797570850202429460e-01
9.797570850202429460e-01
9.817813765182186181e-01
9.817813765182186181e-01
9.838056680161942902e-01
9.838056680161942902e-01
9.858299595141700733e-01
9.858299595141700733e-01
9.878542510121457454e-01
9.878542510121457454e-01
9.898785425101214175e-01
9.898785425101214175e-01
9.919028340080972006e-01
9.919028340080972006e-01
9.939271255060728727e-01
9.939271255060728727e-01
9.959514170040485448e-01
9.959514170040485448e-01
9.979757085020243279e-01
9.979757085020243279e-01
1.000000000000000000e+00
1.000000000000000000e+00
