0.000000000000000000e+00
0.000000000000000000e+00
0.000000000000000000e+00
0.000000000000000000e+00
0.000000000000000000e+00
0.000000000000000000e+00
0.000000000000000000e+00
1.724137931034482735e-03
1.724137931034482735e-03
3.103448275862068836e-03
3.103448275862068836e-03
3.448275862068965469e-03
3.448275862068965469e-03
3.793103448275862103e-03
3.793103448275862103e-03
4.137931034482758737e-03
4.137931034482758737e-03
4.827586206896552004e-03
4.827586206896552004e-03
5.172413793103448204e-03
5.172413793103448204e-03
5.517241379310344404e-03
5.517241379310344404e-03
5.862068965517241471e-03
5.862068965517241471e-03
6.206896551724137671e-03
6.206896551724137671e-03
6.551724137931034739e-03
6.551724137931034739e-03
7.241379310344828006e-03
7.241379310344828006e-03
8.965517241379309873e-03
8.965517241379309873e-03
9.655172413793104008e-03
9.655172413793104008e-03
1.034482758620689641e-02
1.034482758620689641e-02
1.137931034482758674e-02
1.137931034482758674e-02
1.172413793103448294e-02
1.172413793103448294e-02
1.206896551724137914e-02
1.206896551724137914e-02
1.241379310344827534e-02
1.241379310344827534e-02
1.275862068965517328e-02
1.275862068965517328e-02
1.344827586206896568e-02
1.344827586206896568e-02
1.379310344827586188e-02
1.379310344827586188e-02
1.413793103448275808e-02
1.413793103448275808e-02
1.448275862068965601e-02
1.448275862068965601e-02
1.482758620689655221e-02
1.482758620689655221e-02
1.517241379310344841e-02
1.517241379310344841e-02
1.551724137931034461e-02
1.551724137931034461e-02
1.586206896551724255e-02
1.586206896551724255e-02
1.620689655172413701e-02
1.620689655172413701e-02
1.655172413793103495e-02
1.655172413793103495e-02
1.689655172413792941e-02
1.689655172413792941e-02
1.724137931034482735e-02
1.724137931034482735e-02
1.827586206896551768e-02
1.827586206896551768e-02
1.896551724137931008e-02
1.896551724137931008e-02
1.931034482758620802e-02
1.931034482758620802e-02
1.965517241379310248e-02
1.965517241379310248e-02
2.000000000000000042e-02
2.000000000000000042e-02
2.034482758620689488e-02
2.034482758620689488e-02
2.068965517241379282e-02
2.068965517241379282e-02
2.103448275862069075e-02
2.103448275862069075e-02
2.137931034482758522e-02
2.137931034482758522e-02
2.172413793103448315e-02
2.172413793103448315e-02
2.206896551724137762e-02
2.206896551724137762e-02
2.241379310344827555e-02
2.241379310344827555e-02
2.275862068965517349e-02
2.275862068965517349e-02
2.275862068965517349e-02
2.275862068965517349e-02
2.310344827586206795e-02
2.310344827586206795e-02
2.413793103448275829e-02
2.413793103448275829e-02
2.448275862068965622e-02
2.448275862068965622e-02
2.482758620689655069e-02
2.482758620689655069e-02
2.517241379310344862e-02
2.517241379310344862e-02
2.551724137931034656e-02
2.551724137931034656e-02
2.586206896551724102e-02
2.586206896551724102e-02
2.620689655172413896e-02
2.620689655172413896e-02
2.655172413793103342e-02
2.655172413793103342e-02
2.724137931034482929e-02
2.724137931034482929e-02
2.827586206896551616e-02
2.827586206896551616e-02
2.896551724137931202e-02
2.896551724137931202e-02
2.965517241379310442e-02
2.965517241379310442e-02
2.999999999999999889e-02
2.999999999999999889e-02
3.103448275862068922e-02
3.103448275862068922e-02
3.137931034482758369e-02
3.137931034482758369e-02
3.172413793103448509e-02
3.172413793103448509e-02
3.206896551724137956e-02
3.206896551724137956e-02
3.241379310344827402e-02
3.241379310344827402e-02
3.275862068965517543e-02
3.275862068965517543e-02
3.379310344827585882e-02
3.379310344827585882e-02
3.379310344827585882e-02
3.379310344827585882e-02
3.413793103448276023e-02
3.413793103448276023e-02
3.482758620689654916e-02
3.482758620689654916e-02
3.551724137931034503e-02
3.551724137931034503e-02
3.586206896551723949e-02
3.586206896551723949e-02
3.620689655172414090e-02
3.620689655172414090e-02
3.689655172413792983e-02
3.689655172413792983e-02
3.758620689655172570e-02
3.758620689655172570e-02
3.793103448275862016e-02
3.793103448275862016e-02
3.827586206896551463e-02
3.827586206896551463e-02
3.862068965517241603e-02
3.862068965517241603e-02
3.896551724137931050e-02
3.896551724137931050e-02
3.965517241379310637e-02
3.965517241379310637e-02
4.000000000000000083e-02
4.000000000000000083e-02
4.034482758620689530e-02
4.034482758620689530e-02
4.103448275862069117e-02
4.103448275862069117e-02
4.172413793103448010e-02
4.172413793103448010e-02
4.241379310344827597e-02
4.241379310344827597e-02
4.310344827586207184e-02
4.310344827586207184e-02
4.413793103448275523e-02
4.413793103448275523e-02
4.482758620689655110e-02
4.482758620689655110e-02
4.586206896551724144e-02
4.586206896551724144e-02
4.620689655172413590e-02
4.620689655172413590e-02
4.655172413793103731e-02
4.655172413793103731e-02
4.689655172413793177e-02
4.689655172413793177e-02
4.724137931034482624e-02
4.724137931034482624e-02
4.758620689655172070e-02
4.758620689655172070e-02
4.827586206896551657e-02
4.827586206896551657e-02
4.862068965517241104e-02
4.862068965517241104e-02
4.896551724137931244e-02
4.896551724137931244e-02
4.965517241379310137e-02
4.965517241379310137e-02
5.000000000000000278e-02
5.000000000000000278e-02
5.068965517241379171e-02
5.068965517241379171e-02
5.103448275862069311e-02
5.103448275862069311e-02
5.137931034482758758e-02
5.137931034482758758e-02
5.172413793103448204e-02
5.172413793103448204e-02
5.206896551724137651e-02
5.206896551724137651e-02
5.241379310344827791e-02
5.241379310344827791e-02
5.310344827586206684e-02
5.310344827586206684e-02
5.344827586206896824e-02
5.344827586206896824e-02
5.482758620689655304e-02
5.482758620689655304e-02
5.517241379310344751e-02
5.517241379310344751e-02
5.551724137931034198e-02
5.551724137931034198e-02
5.586206896551724338e-02
5.586206896551724338e-02
5.620689655172413784e-02
5.620689655172413784e-02
5.655172413793103231e-02
5.655172413793103231e-02
5.689655172413793371e-02
5.689655172413793371e-02
5.724137931034482818e-02
5.724137931034482818e-02
5.758620689655172264e-02
5.758620689655172264e-02
5.793103448275862405e-02
5.793103448275862405e-02
5.827586206896551851e-02
5.827586206896551851e-02
5.862068965517241298e-02
5.862068965517241298e-02
5.896551724137930744e-02
5.896551724137930744e-02
5.999999999999999778e-02
5.999999999999999778e-02
6.034482758620689918e-02
6.034482758620689918e-02
6.068965517241379365e-02
6.068965517241379365e-02
6.103448275862068811e-02
6.103448275862068811e-02
6.137931034482758952e-02
6.137931034482758952e-02
6.206896551724137845e-02
6.206896551724137845e-02
6.241379310344827291e-02
6.241379310344827291e-02
6.344827586206897019e-02
6.344827586206897019e-02
6.379310344827586465e-02
6.379310344827586465e-02
6.413793103448275912e-02
6.413793103448275912e-02
6.448275862068965358e-02
6.448275862068965358e-02
6.482758620689654805e-02
6.482758620689654805e-02
6.551724137931035086e-02
6.551724137931035086e-02
6.620689655172413979e-02
6.620689655172413979e-02
6.689655172413792872e-02
6.689655172413792872e-02
6.724137931034482318e-02
6.724137931034482318e-02
6.758620689655171765e-02
6.758620689655171765e-02
6.793103448275862599e-02
6.793103448275862599e-02
6.827586206896552046e-02
6.827586206896552046e-02
6.862068965517241492e-02
6.862068965517241492e-02
6.931034482758620385e-02
6.931034482758620385e-02
6.965517241379309832e-02
6.965517241379309832e-02
7.034482758620690113e-02
7.034482758620690113e-02
7.103448275862069006e-02
7.103448275862069006e-02
7.137931034482758452e-02
7.137931034482758452e-02
7.206896551724137345e-02
7.206896551724137345e-02
7.241379310344828180e-02
7.241379310344828180e-02
7.275862068965517626e-02
7.275862068965517626e-02
7.310344827586207073e-02
7.310344827586207073e-02
7.344827586206896519e-02
7.344827586206896519e-02
7.482758620689655693e-02
7.482758620689655693e-02
7.551724137931034586e-02
7.551724137931034586e-02
7.655172413793102926e-02
7.655172413793102926e-02
7.689655172413793760e-02
7.689655172413793760e-02
7.724137931034483207e-02
7.724137931034483207e-02
7.758620689655172653e-02
7.758620689655172653e-02
7.793103448275862100e-02
7.793103448275862100e-02
7.827586206896551546e-02
7.827586206896551546e-02
7.862068965517240993e-02
7.862068965517240993e-02
7.931034482758621273e-02
7.931034482758621273e-02
7.965517241379310720e-02
7.965517241379310720e-02
8.000000000000000167e-02
8.000000000000000167e-02
8.068965517241379060e-02
8.068965517241379060e-02
8.172413793103448787e-02
8.172413793103448787e-02
8.206896551724138233e-02
8.206896551724138233e-02
8.241379310344827680e-02
8.241379310344827680e-02
8.275862068965517127e-02
8.275862068965517127e-02
8.310344827586206573e-02
8.310344827586206573e-02
8.344827586206896020e-02
8.344827586206896020e-02
8.379310344827586854e-02
8.379310344827586854e-02
8.413793103448276300e-02
8.413793103448276300e-02
8.448275862068965747e-02
8.448275862068965747e-02
8.482758620689655193e-02
8.482758620689655193e-02
8.517241379310344640e-02
8.517241379310344640e-02
8.551724137931034087e-02
8.551724137931034087e-02
8.586206896551723533e-02
8.586206896551723533e-02
8.620689655172414367e-02
8.620689655172414367e-02
8.655172413793103814e-02
8.655172413793103814e-02
8.689655172413793260e-02
8.689655172413793260e-02
8.724137931034482707e-02
8.724137931034482707e-02
8.758620689655172153e-02
8.758620689655172153e-02
8.793103448275861600e-02
8.793103448275861600e-02
8.965517241379310220e-02
8.965517241379310220e-02
8.999999999999999667e-02
8.999999999999999667e-02
9.034482758620689113e-02
9.034482758620689113e-02
9.068965517241379948e-02
9.068965517241379948e-02
9.103448275862069394e-02
9.103448275862069394e-02
9.275862068965516627e-02
9.275862068965516627e-02
9.310344827586207461e-02
9.310344827586207461e-02
9.344827586206896908e-02
9.344827586206896908e-02
9.379310344827586354e-02
9.379310344827586354e-02
9.413793103448275801e-02
9.413793103448275801e-02
9.448275862068965247e-02
9.448275862068965247e-02
9.482758620689654694e-02
9.482758620689654694e-02
9.551724137931034975e-02
9.551724137931034975e-02
9.655172413793103314e-02
9.655172413793103314e-02
9.689655172413792761e-02
9.689655172413792761e-02
9.724137931034482207e-02
9.724137931034482207e-02
9.758620689655173042e-02
9.758620689655173042e-02
9.793103448275862488e-02
9.793103448275862488e-02
9.827586206896551935e-02
9.827586206896551935e-02
9.862068965517241381e-02
9.862068965517241381e-02
9.896551724137930828e-02
9.896551724137930828e-02
9.931034482758620274e-02
9.931034482758620274e-02
9.965517241379309721e-02
9.965517241379309721e-02
1.006896551724137945e-01
1.006896551724137945e-01
1.010344827586206889e-01
1.010344827586206889e-01
1.013793103448275834e-01
1.013793103448275834e-01
1.017241379310344779e-01
1.017241379310344779e-01
1.020689655172413862e-01
1.020689655172413862e-01
1.024137931034482807e-01
1.024137931034482807e-01
1.037931034482758585e-01
1.037931034482758585e-01
1.044827586206896614e-01
1.044827586206896614e-01
1.055172413793103448e-01
1.055172413793103448e-01
1.058620689655172392e-01
1.058620689655172392e-01
1.065517241379310281e-01
1.065517241379310281e-01
1.068965517241379365e-01
1.068965517241379365e-01
1.072413793103448310e-01
1.072413793103448310e-01
1.075862068965517254e-01
1.075862068965517254e-01
1.079310344827586199e-01
1.079310344827586199e-01
1.082758620689655144e-01
1.082758620689655144e-01
1.086206896551724088e-01
1.086206896551724088e-01
1.089655172413793172e-01
1.089655172413793172e-01
1.100000000000000006e-01
1.100000000000000006e-01
1.113793103448275923e-01
1.113793103448275923e-01
1.120689655172413812e-01
1.120689655172413812e-01
1.124137931034482757e-01
1.124137931034482757e-01
1.127586206896551702e-01
1.127586206896551702e-01
1.141379310344827619e-01
1.141379310344827619e-01
1.148275862068965508e-01
1.148275862068965508e-01
1.165517241379310370e-01
1.165517241379310370e-01
1.168965517241379315e-01
1.168965517241379315e-01
1.182758620689655232e-01
1.182758620689655232e-01
1.186206896551724177e-01
1.186206896551724177e-01
1.196551724137931011e-01
1.196551724137931011e-01
1.199999999999999956e-01
1.199999999999999956e-01
1.206896551724137984e-01
1.206896551724137984e-01
1.213793103448275873e-01
1.213793103448275873e-01
1.217241379310344818e-01
1.217241379310344818e-01
1.227586206896551790e-01
1.227586206896551790e-01
1.241379310344827569e-01
1.241379310344827569e-01
1.244827586206896514e-01
1.244827586206896514e-01
1.251724137931034542e-01
1.251724137931034542e-01
1.255172413793103348e-01
1.255172413793103348e-01
1.258620689655172431e-01
1.258620689655172431e-01
1.265517241379310320e-01
1.265517241379310320e-01
1.282758620689655182e-01
1.282758620689655182e-01
1.289655172413793072e-01
1.289655172413793072e-01
1.293103448275862155e-01
1.293103448275862155e-01
1.296551724137930961e-01
1.296551724137930961e-01
1.303448275862068850e-01
1.303448275862068850e-01
1.320689655172413712e-01
1.320689655172413712e-01
1.324137931034482796e-01
1.324137931034482796e-01
1.331034482758620685e-01
1.331034482758620685e-01
1.334482758620689768e-01
1.334482758620689768e-01
1.341379310344827658e-01
1.341379310344827658e-01
1.344827586206896464e-01
1.344827586206896464e-01
1.365517241379310409e-01
1.365517241379310409e-01
1.368965517241379215e-01
1.368965517241379215e-01
1.372413793103448298e-01
1.372413793103448298e-01
1.379310344827586188e-01
1.379310344827586188e-01
1.393103448275861966e-01
1.393103448275861966e-01
1.400000000000000133e-01
1.400000000000000133e-01
1.413793103448275912e-01
1.413793103448275912e-01
1.417241379310344718e-01
1.417241379310344718e-01
1.431034482758620774e-01
1.431034482758620774e-01
1.434482758620689580e-01
1.434482758620689580e-01
1.441379310344827469e-01
1.441379310344827469e-01
1.444827586206896552e-01
1.444827586206896552e-01
1.451724137931034442e-01
1.451724137931034442e-01
1.455172413793103525e-01
1.455172413793103525e-01
1.472413793103448387e-01
1.472413793103448387e-01
1.475862068965517193e-01
1.475862068965517193e-01
1.479310344827586277e-01
1.479310344827586277e-01
1.486206896551724166e-01
1.486206896551724166e-01
1.499999999999999944e-01
1.499999999999999944e-01
1.503448275862069028e-01
1.503448275862069028e-01
1.513793103448276001e-01
1.513793103448276001e-01
1.527586206896551779e-01
1.527586206896551779e-01
1.548275862068965447e-01
1.548275862068965447e-01
1.558620689655172420e-01
1.558620689655172420e-01
1.575862068965517282e-01
1.575862068965517282e-01
1.582758620689655171e-01
1.582758620689655171e-01
1.603448275862068839e-01
1.603448275862068839e-01
1.610344827586207006e-01
1.610344827586207006e-01
1.631034482758620674e-01
1.631034482758620674e-01
1.644827586206896453e-01
1.644827586206896453e-01
1.668965517241379204e-01
1.668965517241379204e-01
1.675862068965517371e-01
1.675862068965517371e-01
1.679310344827586177e-01
1.679310344827586177e-01
1.686206896551724066e-01
1.686206896551724066e-01
1.689655172413793149e-01
1.689655172413793149e-01
1.696551724137931039e-01
1.696551724137931039e-01
1.700000000000000122e-01
1.700000000000000122e-01
1.703448275862068928e-01
1.703448275862068928e-01
1.706896551724138011e-01
1.706896551724138011e-01
1.717241379310344707e-01
1.717241379310344707e-01
1.727586206896551679e-01
1.727586206896551679e-01
1.734482758620689569e-01
1.734482758620689569e-01
1.737931034482758652e-01
1.737931034482758652e-01
1.741379310344827458e-01
1.741379310344827458e-01
1.751724137931034431e-01
1.751724137931034431e-01
1.758620689655172320e-01
1.758620689655172320e-01
1.768965517241379293e-01
1.768965517241379293e-01
1.775862068965517182e-01
1.775862068965517182e-01
1.803448275862069017e-01
1.803448275862069017e-01
1.806896551724137823e-01
1.806896551724137823e-01
1.810344827586206906e-01
1.810344827586206906e-01
1.824137931034482685e-01
1.824137931034482685e-01
1.834482758620689657e-01
1.834482758620689657e-01
1.837931034482758741e-01
1.837931034482758741e-01
1.848275862068965436e-01
1.848275862068965436e-01
1.851724137931034520e-01
1.851724137931034520e-01
1.858620689655172409e-01
1.858620689655172409e-01
1.865517241379310298e-01
1.865517241379310298e-01
1.872413793103448187e-01
1.872413793103448187e-01
1.886206896551724244e-01
1.886206896551724244e-01
1.920689655172413690e-01
1.920689655172413690e-01
1.924137931034482774e-01
1.924137931034482774e-01
1.962068965517241304e-01
1.962068965517241304e-01
1.982758620689655249e-01
1.982758620689655249e-01
1.989655172413793138e-01
1.989655172413793138e-01
1.993103448275861944e-01
1.993103448275861944e-01
1.996551724137931028e-01
1.996551724137931028e-01
2.006896551724138000e-01
2.006896551724138000e-01
2.020689655172413779e-01
2.020689655172413779e-01
2.024137931034482862e-01
2.024137931034482862e-01
2.027586206896551668e-01
2.027586206896551668e-01
2.041379310344827724e-01
2.041379310344827724e-01
2.048275862068965614e-01
2.048275862068965614e-01
2.055172413793103503e-01
2.055172413793103503e-01
2.058620689655172309e-01
2.058620689655172309e-01
2.062068965517241392e-01
2.062068965517241392e-01
2.065517241379310476e-01
2.065517241379310476e-01
2.079310344827586254e-01
2.079310344827586254e-01
2.103448275862069006e-01
2.103448275862069006e-01
2.110344827586206895e-01
2.110344827586206895e-01
2.117241379310344784e-01
2.117241379310344784e-01
2.120689655172413868e-01
2.120689655172413868e-01
2.134482758620689646e-01
2.134482758620689646e-01
2.165517241379310287e-01
2.165517241379310287e-01
2.168965517241379370e-01
2.168965517241379370e-01
2.179310344827586343e-01
2.179310344827586343e-01
2.182758620689655149e-01
2.182758620689655149e-01
2.193103448275862122e-01
2.193103448275862122e-01
2.200000000000000011e-01
2.200000000000000011e-01
2.206896551724137900e-01
2.206896551724137900e-01
2.217241379310344873e-01
2.217241379310344873e-01
2.220689655172413679e-01
2.220689655172413679e-01
2.227586206896551846e-01
2.227586206896551846e-01
2.237931034482758541e-01
2.237931034482758541e-01
2.258620689655172487e-01
2.258620689655172487e-01
2.268965517241379182e-01
2.268965517241379182e-01
2.275862068965517349e-01
2.275862068965517349e-01
2.303448275862068906e-01
2.303448275862068906e-01
2.306896551724137989e-01
2.306896551724137989e-01
2.317241379310344962e-01
2.317241379310344962e-01
2.320689655172413768e-01
2.320689655172413768e-01
2.331034482758620741e-01
2.331034482758620741e-01
2.358620689655172298e-01
2.358620689655172298e-01
2.365517241379310465e-01
2.365517241379310465e-01
2.382758620689655049e-01
2.382758620689655049e-01
2.389655172413793216e-01
2.389655172413793216e-01
2.396551724137931105e-01
2.396551724137931105e-01
2.403448275862068995e-01
2.403448275862068995e-01
2.424137931034482663e-01
2.424137931034482663e-01
2.431034482758620552e-01
2.431034482758620552e-01
2.444827586206896608e-01
2.444827586206896608e-01
2.451724137931034497e-01
2.451724137931034497e-01
2.503448275862069083e-01
2.503448275862069083e-01
2.513793103448275779e-01
2.513793103448275779e-01
2.524137931034483029e-01
2.524137931034483029e-01
2.531034482758620641e-01
2.531034482758620641e-01
2.541379310344827336e-01
2.541379310344827336e-01
2.568965517241379448e-01
2.568965517241379448e-01
2.579310344827586143e-01
2.579310344827586143e-01
2.582758620689655227e-01
2.582758620689655227e-01
2.596551724137931005e-01
2.596551724137931005e-01
2.610344827586206784e-01
2.610344827586206784e-01
2.617241379310344951e-01
2.617241379310344951e-01
2.641379310344827425e-01
2.641379310344827425e-01
2.644827586206896508e-01
2.644827586206896508e-01
2.655172413793103203e-01
2.655172413793103203e-01
2.658620689655172287e-01
2.658620689655172287e-01
2.668965517241379537e-01
2.668965517241379537e-01
2.675862068965517149e-01
2.675862068965517149e-01
2.689655172413792927e-01
2.689655172413792927e-01
2.696551724137931094e-01
2.696551724137931094e-01
2.703448275862068706e-01
2.703448275862068706e-01
2.720689655172413568e-01
2.720689655172413568e-01
2.734482758620689902e-01
2.734482758620689902e-01
2.744827586206896597e-01
2.744827586206896597e-01
2.762068965517241459e-01
2.762068965517241459e-01
2.765517241379310542e-01
2.765517241379310542e-01
2.793103448275862100e-01
2.793103448275862100e-01
2.875862068965517326e-01
2.875862068965517326e-01
2.903448275862068884e-01
2.903448275862068884e-01
2.917241379310344662e-01
2.917241379310344662e-01
2.941379310344827691e-01
2.941379310344827691e-01
2.948275862068965303e-01
2.948275862068965303e-01
2.958620689655172553e-01
2.958620689655172553e-01
2.968965517241379248e-01
2.968965517241379248e-01
2.972413793103448332e-01
2.972413793103448332e-01
2.975862068965517415e-01
2.975862068965517415e-01
3.010344827586207139e-01
3.010344827586207139e-01
3.117241379310344840e-01
3.117241379310344840e-01
3.141379310344827314e-01
3.141379310344827314e-01
3.165517241379310343e-01
3.165517241379310343e-01
3.175862068965517038e-01
3.175862068965517038e-01
3.237931034482758874e-01
3.237931034482758874e-01
3.268965517241379515e-01
3.268965517241379515e-01
3.324137931034482629e-01
3.324137931034482629e-01
3.331034482758620796e-01
3.331034482758620796e-01
3.375862068965517215e-01
3.375862068965517215e-01
3.386206896551723911e-01
3.386206896551723911e-01
3.427586206896551801e-01
3.427586206896551801e-01
3.451724137931034275e-01
3.451724137931034275e-01
3.468965517241379137e-01
3.468965517241379137e-01
3.482758620689654916e-01
3.482758620689654916e-01
3.624137931034482896e-01
3.624137931034482896e-01
3.706896551724138122e-01
3.706896551724138122e-01
3.710344827586206651e-01
3.710344827586206651e-01
3.824137931034482518e-01
3.824137931034482518e-01
3.855172413793103714e-01
3.855172413793103714e-01
3.862068965517241326e-01
3.862068965517241326e-01
3.882758620689655271e-01
3.882758620689655271e-01
3.896551724137931050e-01
3.896551724137931050e-01
3.958620689655172331e-01
3.958620689655172331e-01
4.010344827586206917e-01
4.010344827586206917e-01
4.017241379310345084e-01
4.017241379310345084e-01
4.058620689655172420e-01
4.058620689655172420e-01
4.079310344827586365e-01
4.079310344827586365e-01
4.144827586206896730e-01
4.144827586206896730e-01
4.148275862068965258e-01
4.148275862068965258e-01
4.320689655172413879e-01
4.320689655172413879e-01
4.372413793103448465e-01
4.372413793103448465e-01
4.441379310344827358e-01
4.441379310344827358e-01
4.527586206896551668e-01
4.527586206896551668e-01
4.541379310344827447e-01
4.541379310344827447e-01
4.624137931034482674e-01
4.624137931034482674e-01
4.765517241379310098e-01
4.765517241379310098e-01
4.924137931034482940e-01
4.924137931034482940e-01
4.931034482758620552e-01
4.931034482758620552e-01
5.117241379310344396e-01
5.117241379310344396e-01
5.210344827586207428e-01
5.210344827586207428e-01
5.244827586206896042e-01
5.244827586206896042e-01
5.441379310344827136e-01
5.441379310344827136e-01
5.527586206896552001e-01
5.527586206896552001e-01
5.689655172413793371e-01
5.689655172413793371e-01
5.806896551724137767e-01
5.806896551724137767e-01
5.844827586206896575e-01
5.844827586206896575e-01
6.562068965517241503e-01
6.562068965517241503e-01
1.000000000000000000e+00
