0.000000000000000000e+00
3.448275862068965253e-04
3.689655172413792983e-02
3.758620689655172570e-02
1.034482758620689641e-01
1.041379310344827530e-01
1.396551724137931050e-01
1.396551724137931050e-01
1.424137931034482885e-01
1.424137931034482885e-01
1.562068965517241503e-01
1.562068965517241503e-01
2.227586206896551846e-01
2.227586206896551846e-01
2.331034482758620741e-01
2.331034482758620741e-01
2.334482758620689546e-01
2.334482758620689546e-01
2.386206896551724133e-01
2.386206896551724133e-01
3.989655172413792972e-01
3.989655172413792972e-01
3.996551724137931139e-01
3.996551724137931139e-01
4.006896551724137834e-01
4.006896551724137834e-01
4.106896551724137923e-01
4.106896551724137923e-01
4.224137931034482873e-01
4.224137931034482873e-01
4.227586206896551957e-01
4.227586206896551957e-01
4.231034482758620485e-01
4.231034482758620485e-01
4.234482758620689569e-01
4.234482758620689569e-01
4.268965517241379293e-01
4.268965517241379293e-01
4.355172413793103603e-01
4.355172413793103603e-01
4.434482758620689746e-01
4.434482758620689746e-01
4.486206896551724332e-01
4.486206896551724332e-01
4.555172413793103225e-01
4.555172413793103225e-01
4.631034482758620840e-01
4.631034482758620840e-01
4.644827586206896619e-01
4.644827586206896619e-01
4.672413793103448176e-01
4.672413793103448176e-01
4.675862068965517260e-01
4.675862068965517260e-01
4.706896551724137900e-01
4.706896551724137900e-01
4.786206896551724044e-01
4.786206896551724044e-01
4.793103448275862211e-01
4.793103448275862211e-01
4.827586206896551935e-01
4.827586206896551935e-01
4.865517241379310187e-01
4.865517241379310187e-01
4.872413793103448354e-01
4.872413793103448354e-01
5.248275862068965125e-01
5.248275862068965125e-01
5.268965517241379626e-01
5.268965517241379626e-01
5.286206896551723933e-01
5.286206896551723933e-01
5.344827586206896131e-01
5.344827586206896131e-01
5.358620689655172464e-01
5.358620689655172464e-01
5.424137931034482829e-01
5.424137931034482829e-01
5.465517241379310720e-01
5.465517241379310720e-01
5.531034482758621085e-01
5.531034482758621085e-01
5.631034482758621174e-01
5.631034482758621174e-01
5.672413793103447954e-01
5.672413793103447954e-01
5.689655172413793371e-01
5.689655172413793371e-01
5.724137931034483096e-01
5.724137931034483096e-01
5.741379310344827402e-01
5.741379310344827402e-01
5.920689655172414190e-01
5.920689655172414190e-01
6.172413793103448398e-01
6.172413793103448398e-01
6.203448275862069039e-01
6.210344827586207206e-01
6.213793103448276289e-01
6.213793103448276289e-01
6.244827586206896930e-01
6.244827586206896930e-01
6.272413793103448487e-01
6.272413793103448487e-01
6.282758620689654627e-01
6.282758620689654627e-01
6.296551724137930961e-01
6.296551724137930961e-01
6.327586206896551602e-01
6.327586206896551602e-01
6.386206896551723800e-01
6.386206896551723800e-01
6.389655172413792883e-01
6.389655172413792883e-01
6.393103448275861966e-01
6.393103448275861966e-01
6.403448275862069217e-01
6.403448275862069217e-01
6.475862068965517748e-01
6.475862068965517748e-01
6.482758620689654805e-01
6.482758620689654805e-01
6.486206896551723888e-01
6.486206896551723888e-01
6.496551724137931139e-01
6.496551724137931139e-01
6.558620689655172420e-01
6.558620689655172420e-01
6.579310344827585810e-01
6.579310344827585810e-01
6.593103448275862144e-01
6.593103448275862144e-01
6.600000000000000311e-01
6.600000000000000311e-01
6.624137931034482785e-01
6.624137931034482785e-01
6.631034482758620952e-01
6.631034482758620952e-01
6.634482758620690035e-01
6.634482758620690035e-01
6.651724137931034342e-01
6.658620689655172509e-01
6.737931034482758097e-01
6.737931034482758097e-01
6.751724137931034431e-01
6.751724137931034431e-01
6.782758620689655071e-01
6.782758620689655071e-01
6.793103448275862322e-01
6.793103448275862322e-01
6.803448275862068462e-01
6.803448275862068462e-01
6.820689655172413879e-01
6.820689655172413879e-01
6.827586206896552046e-01
6.827586206896552046e-01
6.831034482758621129e-01
6.831034482758621129e-01
6.844827586206896353e-01
6.844827586206896353e-01
6.848275862068965436e-01
6.848275862068965436e-01
6.879310344827586077e-01
6.879310344827586077e-01
6.972413793103447999e-01
6.972413793103447999e-01
6.989655172413793416e-01
6.989655172413793416e-01
6.996551724137931583e-01
6.996551724137931583e-01
6.999999999999999556e-01
6.999999999999999556e-01
7.020689655172414056e-01
7.020689655172414056e-01
7.096551724137930561e-01
7.096551724137930561e-01
7.110344827586206895e-01
7.110344827586206895e-01
7.113793103448275978e-01
7.113793103448275978e-01
7.117241379310345062e-01
7.117241379310345062e-01
7.120689655172414145e-01
7.120689655172414145e-01
7.127586206896551202e-01
7.127586206896551202e-01
7.162068965517240926e-01
7.162068965517240926e-01
7.168965517241379093e-01
7.168965517241379093e-01
7.186206896551724510e-01
7.186206896551724510e-01
7.193103448275861567e-01
7.193103448275861567e-01
7.196551724137930650e-01
7.196551724137930650e-01
7.224137931034482207e-01
7.224137931034482207e-01
7.258620689655171931e-01
7.258620689655171931e-01
7.303448275862068906e-01
7.303448275862068906e-01
7.368965517241379271e-01
7.368965517241379271e-01
7.382758620689655604e-01
7.382758620689655604e-01
7.420689655172413302e-01
7.420689655172413302e-01
7.448275862068965969e-01
7.448275862068965969e-01
7.510344827586207250e-01
7.510344827586207250e-01
7.517241379310344307e-01
7.517241379310344307e-01
7.524137931034482474e-01
7.524137931034482474e-01
7.558620689655172198e-01
7.558620689655172198e-01
7.562068965517241281e-01
7.562068965517241281e-01
7.575862068965517615e-01
7.575862068965517615e-01
7.582758620689654672e-01
7.582758620689654672e-01
7.593103448275861922e-01
7.593103448275861922e-01
7.606896551724138256e-01
7.606896551724138256e-01
7.617241379310344396e-01
7.617241379310344396e-01
7.620689655172413479e-01
7.620689655172413479e-01
7.624137931034482563e-01
7.624137931034482563e-01
7.634482758620689813e-01
7.634482758620689813e-01
7.637931034482758896e-01
7.637931034482758896e-01
7.648275862068965036e-01
7.648275862068965036e-01
7.686206896551723844e-01
7.686206896551723844e-01
7.693103448275862011e-01
7.693103448275862011e-01
7.734482758620689902e-01
7.734482758620689902e-01
7.741379310344828069e-01
7.741379310344828069e-01
7.772413793103448709e-01
7.772413793103448709e-01
7.779310344827585766e-01
7.779310344827585766e-01
7.789655172413793016e-01
7.789655172413793016e-01
7.810344827586206407e-01
7.810344827586206407e-01
7.824137931034482740e-01
7.824137931034482740e-01
7.827586206896551824e-01
7.827586206896551824e-01
7.837931034482759074e-01
7.837931034482759074e-01
7.844827586206896131e-01
7.844827586206896131e-01
7.862068965517241548e-01
7.862068965517241548e-01
7.875862068965516771e-01
7.875862068965516771e-01
7.882758620689654938e-01
7.882758620689654938e-01
7.893103448275862188e-01
7.893103448275862188e-01
7.910344827586206495e-01
7.910344827586206495e-01
7.937931034482759163e-01
7.937931034482759163e-01
7.941379310344827136e-01
7.941379310344827136e-01
7.951724137931034386e-01
7.951724137931034386e-01
7.979310344827585944e-01
7.979310344827585944e-01
7.993103448275862277e-01
7.993103448275862277e-01
7.996551724137931361e-01
7.996551724137931361e-01
8.010344827586206584e-01
8.010344827586206584e-01
8.048275862068965392e-01
8.048275862068965392e-01
8.068965517241378782e-01
8.068965517241378782e-01
8.089655172413793283e-01
8.089655172413793283e-01
8.096551724137931449e-01
8.096551724137931449e-01
8.106896551724137590e-01
8.106896551724137590e-01
8.113793103448275756e-01
8.113793103448275756e-01
8.120689655172413923e-01
8.120689655172413923e-01
8.124137931034483007e-01
8.124137931034483007e-01
8.175862068965517038e-01
8.175862068965517038e-01
8.186206896551724288e-01
8.186206896551724288e-01
8.189655172413793371e-01
8.189655172413793371e-01
8.206896551724137678e-01
8.206896551724137678e-01
8.210344827586206762e-01
8.210344827586206762e-01
8.224137931034483096e-01
8.224137931034483096e-01
8.231034482758620152e-01
8.231034482758620152e-01
8.237931034482758319e-01
8.237931034482758319e-01
8.244827586206896486e-01
8.244827586206896486e-01
8.251724137931034653e-01
8.251724137931034653e-01
8.255172413793103736e-01
8.255172413793103736e-01
8.258620689655172820e-01
8.258620689655172820e-01
8.268965517241378960e-01
8.268965517241378960e-01
8.279310344827586210e-01
8.279310344827586210e-01
8.286206896551724377e-01
8.286206896551724377e-01
8.289655172413793460e-01
8.289655172413793460e-01
8.320689655172414101e-01
8.320689655172414101e-01
8.324137931034483184e-01
8.324137931034483184e-01
8.331034482758620241e-01
8.331034482758620241e-01
8.351724137931034742e-01
8.351724137931034742e-01
8.358620689655172908e-01
8.358620689655172908e-01
8.362068965517240882e-01
8.362068965517240882e-01
8.379310344827586299e-01
8.379310344827586299e-01
8.382758620689655382e-01
8.382758620689655382e-01
8.393103448275861522e-01
8.393103448275861522e-01
8.399999999999999689e-01
8.399999999999999689e-01
8.403448275862068773e-01
8.403448275862068773e-01
8.413793103448276023e-01
8.413793103448276023e-01
8.434482758620689413e-01
8.434482758620689413e-01
8.444827586206896664e-01
8.444827586206896664e-01
8.451724137931034830e-01
8.451724137931034830e-01
8.465517241379310054e-01
8.465517241379310054e-01
8.468965517241379137e-01
8.468965517241379137e-01
8.493103448275861611e-01
8.493103448275861611e-01
8.496551724137930695e-01
8.496551724137930695e-01
8.510344827586207028e-01
8.510344827586207028e-01
8.520689655172414279e-01
8.520689655172414279e-01
8.524137931034482252e-01
8.524137931034482252e-01
8.537931034482758585e-01
8.537931034482758585e-01
8.544827586206896752e-01
8.544827586206896752e-01
8.555172413793104003e-01
8.555172413793104003e-01
8.565517241379310143e-01
8.565517241379310143e-01
8.575862068965517393e-01
8.575862068965517393e-01
8.634482758620689591e-01
8.634482758620689591e-01
8.641379310344827758e-01
8.641379310344827758e-01
8.665517241379310232e-01
8.665517241379310232e-01
8.675862068965517482e-01
8.675862068965517482e-01
8.689655172413792705e-01
8.689655172413792705e-01
8.693103448275861789e-01
8.693103448275861789e-01
8.724137931034482429e-01
8.724137931034482429e-01
8.727586206896551513e-01
8.727586206896551513e-01
8.741379310344827847e-01
8.741379310344827847e-01
8.755172413793103070e-01
8.755172413793103070e-01
8.758620689655172153e-01
8.758620689655172153e-01
8.762068965517241237e-01
8.762068965517241237e-01
8.765517241379310320e-01
8.765517241379310320e-01
8.768965517241379404e-01
8.768965517241379404e-01
8.782758620689654627e-01
8.782758620689654627e-01
8.803448275862069128e-01
8.803448275862069128e-01
8.813793103448276378e-01
8.813793103448276378e-01
8.817241379310344351e-01
8.817241379310344351e-01
8.820689655172413435e-01
8.820689655172413435e-01
8.827586206896551602e-01
8.827586206896551602e-01
8.848275862068964992e-01
8.848275862068964992e-01
8.851724137931034075e-01
8.851724137931034075e-01
8.855172413793103159e-01
8.855172413793103159e-01
8.862068965517241326e-01
8.862068965517241326e-01
8.865517241379310409e-01
8.865517241379310409e-01
8.875862068965517659e-01
8.875862068965517659e-01
8.882758620689654716e-01
8.882758620689654716e-01
8.889655172413792883e-01
8.889655172413792883e-01
8.893103448275861966e-01
8.893103448275861966e-01
8.896551724137931050e-01
8.896551724137931050e-01
8.910344827586207384e-01
8.910344827586207384e-01
8.917241379310344440e-01
8.917241379310344440e-01
8.927586206896551690e-01
8.927586206896551690e-01
8.931034482758620774e-01
8.931034482758620774e-01
8.934482758620689857e-01
8.934482758620689857e-01
8.944827586206895997e-01
8.944827586206895997e-01
8.951724137931034164e-01
8.951724137931034164e-01
8.955172413793103248e-01
8.955172413793103248e-01
8.958620689655172331e-01
8.958620689655172331e-01
8.965517241379310498e-01
8.965517241379310498e-01
8.968965517241379581e-01
8.968965517241379581e-01
8.975862068965517748e-01
8.975862068965517748e-01
8.982758620689654805e-01
8.982758620689654805e-01
8.986206896551723888e-01
8.986206896551723888e-01
8.989655172413792972e-01
8.989655172413792972e-01
8.996551724137931139e-01
8.996551724137931139e-01
9.000000000000000222e-01
9.000000000000000222e-01
9.003448275862069305e-01
9.003448275862069305e-01
9.010344827586206362e-01
9.010344827586206362e-01
9.017241379310344529e-01
9.017241379310344529e-01
9.020689655172413612e-01
9.020689655172413612e-01
9.024137931034482696e-01
9.024137931034482696e-01
9.027586206896551779e-01
9.027586206896551779e-01
9.037931034482759030e-01
9.037931034482759030e-01
9.048275862068965170e-01
9.048275862068965170e-01
9.051724137931034253e-01
9.051724137931034253e-01
9.055172413793103336e-01
9.055172413793103336e-01
9.058620689655172420e-01
9.058620689655172420e-01
9.065517241379310587e-01
9.065517241379310587e-01
9.075862068965516727e-01
9.075862068965516727e-01
9.082758620689654894e-01
9.082758620689654894e-01
9.089655172413793061e-01
9.089655172413793061e-01
9.093103448275862144e-01
9.093103448275862144e-01
9.096551724137931227e-01
9.096551724137931227e-01
9.103448275862069394e-01
9.103448275862069394e-01
9.106896551724138478e-01
9.106896551724138478e-01
9.110344827586206451e-01
9.110344827586206451e-01
9.113793103448275534e-01
9.113793103448275534e-01
9.117241379310344618e-01
9.117241379310344618e-01
9.127586206896551868e-01
9.127586206896551868e-01
9.134482758620690035e-01
9.134482758620690035e-01
9.137931034482759118e-01
9.137931034482759118e-01
9.144827586206896175e-01
9.144827586206896175e-01
9.151724137931034342e-01
9.151724137931034342e-01
9.162068965517241592e-01
9.162068965517241592e-01
9.165517241379310676e-01
9.165517241379310676e-01
9.168965517241379759e-01
9.168965517241379759e-01
9.175862068965516816e-01
9.175862068965516816e-01
9.179310344827585899e-01
9.179310344827585899e-01
9.182758620689654983e-01
9.182758620689654983e-01
9.189655172413793149e-01
9.189655172413793149e-01
9.200000000000000400e-01
9.200000000000000400e-01
9.206896551724137456e-01
9.206896551724137456e-01
9.210344827586206540e-01
9.210344827586206540e-01
9.217241379310344707e-01
9.217241379310344707e-01
9.220689655172413790e-01
9.220689655172413790e-01
9.224137931034482873e-01
9.224137931034482873e-01
9.231034482758621040e-01
9.231034482758621040e-01
9.248275862068965347e-01
9.248275862068965347e-01
9.262068965517241681e-01
9.262068965517241681e-01
9.272413793103447821e-01
9.272413793103447821e-01
9.275862068965516904e-01
9.275862068965516904e-01
9.279310344827585988e-01
9.279310344827585988e-01
9.282758620689655071e-01
9.282758620689655071e-01
9.286206896551724155e-01
9.286206896551724155e-01
9.296551724137931405e-01
9.296551724137931405e-01
9.303448275862068462e-01
9.303448275862068462e-01
9.306896551724137545e-01
9.306896551724137545e-01
9.310344827586206629e-01
9.310344827586206629e-01
9.317241379310344795e-01
9.317241379310344795e-01
9.320689655172413879e-01
9.320689655172413879e-01
9.324137931034482962e-01
9.324137931034482962e-01
9.327586206896552046e-01
9.327586206896552046e-01
9.331034482758621129e-01
9.331034482758621129e-01
9.334482758620689102e-01
9.334482758620689102e-01
9.337931034482758186e-01
9.337931034482758186e-01
9.341379310344827269e-01
9.341379310344827269e-01
9.344827586206896353e-01
9.344827586206896353e-01
9.348275862068965436e-01
9.348275862068965436e-01
9.351724137931034520e-01
9.351724137931034520e-01
9.355172413793103603e-01
9.355172413793103603e-01
9.358620689655172686e-01
9.358620689655172686e-01
9.362068965517241770e-01
9.362068965517241770e-01
9.365517241379310853e-01
9.365517241379310853e-01
9.368965517241378826e-01
9.368965517241378826e-01
9.375862068965516993e-01
9.375862068965516993e-01
9.382758620689655160e-01
9.382758620689655160e-01
9.389655172413793327e-01
9.389655172413793327e-01
9.393103448275862410e-01
9.393103448275862410e-01
9.396551724137931494e-01
9.396551724137931494e-01
9.403448275862068551e-01
9.403448275862068551e-01
9.406896551724137634e-01
9.406896551724137634e-01
9.410344827586206717e-01
9.410344827586206717e-01
9.417241379310344884e-01
9.417241379310344884e-01
9.420689655172413968e-01
9.420689655172413968e-01
9.424137931034483051e-01
9.424137931034483051e-01
9.431034482758621218e-01
9.431034482758621218e-01
9.434482758620689191e-01
9.434482758620689191e-01
9.437931034482758275e-01
9.437931034482758275e-01
9.441379310344827358e-01
9.441379310344827358e-01
9.451724137931034608e-01
9.451724137931034608e-01
9.458620689655172775e-01
9.458620689655172775e-01
9.462068965517241859e-01
9.462068965517241859e-01
9.465517241379309832e-01
9.465517241379309832e-01
9.468965517241378915e-01
9.468965517241378915e-01
9.472413793103447999e-01
9.472413793103447999e-01
9.475862068965517082e-01
9.475862068965517082e-01
9.479310344827586166e-01
9.479310344827586166e-01
9.482758620689655249e-01
9.482758620689655249e-01
9.486206896551724332e-01
9.486206896551724332e-01
9.489655172413793416e-01
9.489655172413793416e-01
9.496551724137931583e-01
9.496551724137931583e-01
9.499999999999999556e-01
9.499999999999999556e-01
9.503448275862068639e-01
9.503448275862068639e-01
9.506896551724137723e-01
9.506896551724137723e-01
9.510344827586206806e-01
9.510344827586206806e-01
9.513793103448275890e-01
9.513793103448275890e-01
9.517241379310344973e-01
9.517241379310344973e-01
9.520689655172414056e-01
9.520689655172414056e-01
9.524137931034483140e-01
9.524137931034483140e-01
9.527586206896552223e-01
9.527586206896552223e-01
9.531034482758620197e-01
9.531034482758620197e-01
9.534482758620689280e-01
9.534482758620689280e-01
9.537931034482758363e-01
9.537931034482758363e-01
9.541379310344827447e-01
9.541379310344827447e-01
9.544827586206896530e-01
9.544827586206896530e-01
9.548275862068965614e-01
9.548275862068965614e-01
9.551724137931034697e-01
9.551724137931034697e-01
9.555172413793103781e-01
9.555172413793103781e-01
9.558620689655172864e-01
9.558620689655172864e-01
9.562068965517240837e-01
9.562068965517240837e-01
9.565517241379309921e-01
9.565517241379309921e-01
9.568965517241379004e-01
9.568965517241379004e-01
9.579310344827586254e-01
9.579310344827586254e-01
9.582758620689655338e-01
9.582758620689655338e-01
9.586206896551724421e-01
9.586206896551724421e-01
9.589655172413793505e-01
9.589655172413793505e-01
9.593103448275862588e-01
9.593103448275862588e-01
9.596551724137930561e-01
9.596551724137930561e-01
9.603448275862068728e-01
9.603448275862068728e-01
9.606896551724137812e-01
9.606896551724137812e-01
9.610344827586206895e-01
9.610344827586206895e-01
9.613793103448275978e-01
9.613793103448275978e-01
9.617241379310345062e-01
9.617241379310345062e-01
9.624137931034483229e-01
9.624137931034483229e-01
9.627586206896551202e-01
9.627586206896551202e-01
9.631034482758620285e-01
9.631034482758620285e-01
9.634482758620689369e-01
9.634482758620689369e-01
9.637931034482758452e-01
9.637931034482758452e-01
9.641379310344827536e-01
9.641379310344827536e-01
9.655172413793103869e-01
9.655172413793103869e-01
9.658620689655172953e-01
9.658620689655172953e-01
9.679310344827586343e-01
9.679310344827586343e-01
9.682758620689655427e-01
9.682758620689655427e-01
9.689655172413793593e-01
9.689655172413793593e-01
9.693103448275861567e-01
9.693103448275861567e-01
9.699999999999999734e-01
9.699999999999999734e-01
9.703448275862068817e-01
9.703448275862068817e-01
9.706896551724137900e-01
9.706896551724137900e-01
9.713793103448276067e-01
9.713793103448276067e-01
9.720689655172414234e-01
9.720689655172414234e-01
9.724137931034482207e-01
9.724137931034482207e-01
9.727586206896551291e-01
9.727586206896551291e-01
9.734482758620689458e-01
9.734482758620689458e-01
9.741379310344827624e-01
9.741379310344827624e-01
9.744827586206896708e-01
9.744827586206896708e-01
9.751724137931034875e-01
9.751724137931034875e-01
9.755172413793103958e-01
9.755172413793103958e-01
9.758620689655171931e-01
9.758620689655171931e-01
9.765517241379310098e-01
9.765517241379310098e-01
9.772413793103448265e-01
9.772413793103448265e-01
9.775862068965517349e-01
9.775862068965517349e-01
9.779310344827586432e-01
9.779310344827586432e-01
9.782758620689655515e-01
9.782758620689655515e-01
9.789655172413792572e-01
9.789655172413792572e-01
9.793103448275861656e-01
9.793103448275861656e-01
9.796551724137930739e-01
9.796551724137930739e-01
9.799999999999999822e-01
9.799999999999999822e-01
9.803448275862068906e-01
9.803448275862068906e-01
9.806896551724137989e-01
9.806896551724137989e-01
9.810344827586207073e-01
9.810344827586207073e-01
9.817241379310345240e-01
9.817241379310345240e-01
9.824137931034482296e-01
9.824137931034482296e-01
9.827586206896551380e-01
9.827586206896551380e-01
9.831034482758620463e-01
9.831034482758620463e-01
9.837931034482758630e-01
9.837931034482758630e-01
9.841379310344827713e-01
9.841379310344827713e-01
9.844827586206896797e-01
9.844827586206896797e-01
9.848275862068965880e-01
9.848275862068965880e-01
9.851724137931034964e-01
9.851724137931034964e-01
9.855172413793102937e-01
9.855172413793102937e-01
9.858620689655172020e-01
9.858620689655172020e-01
9.862068965517241104e-01
9.862068965517241104e-01
9.865517241379310187e-01
9.865517241379310187e-01
9.868965517241379271e-01
9.868965517241379271e-01
9.872413793103448354e-01
9.872413793103448354e-01
9.875862068965517437e-01
9.875862068965517437e-01
9.879310344827586521e-01
9.879310344827586521e-01
9.882758620689655604e-01
9.882758620689655604e-01
9.886206896551724688e-01
9.886206896551724688e-01
9.889655172413792661e-01
9.889655172413792661e-01
9.893103448275861744e-01
9.893103448275861744e-01
9.896551724137930828e-01
9.896551724137930828e-01
9.899999999999999911e-01
9.899999999999999911e-01
9.906896551724138078e-01
9.906896551724138078e-01
9.910344827586207161e-01
9.910344827586207161e-01
9.913793103448276245e-01
9.913793103448276245e-01
9.917241379310345328e-01
9.917241379310345328e-01
9.920689655172413302e-01
9.920689655172413302e-01
9.924137931034482385e-01
9.924137931034482385e-01
9.927586206896551468e-01
9.927586206896551468e-01
9.931034482758620552e-01
9.931034482758620552e-01
9.934482758620689635e-01
9.934482758620689635e-01
9.941379310344827802e-01
9.941379310344827802e-01
9.944827586206896886e-01
9.944827586206896886e-01
9.948275862068965969e-01
9.948275862068965969e-01
9.951724137931033942e-01
9.951724137931033942e-01
9.955172413793103026e-01
9.955172413793103026e-01
9.958620689655172109e-01
9.958620689655172109e-01
9.962068965517241192e-01
9.962068965517241192e-01
9.965517241379310276e-01
9.965517241379310276e-01
9.968965517241379359e-01
9.968965517241379359e-01
9.972413793103448443e-01
9.972413793103448443e-01
9.975862068965517526e-01
9.975862068965517526e-01
9.979310344827586610e-01
9.979310344827586610e-01
9.982758620689655693e-01
9.982758620689655693e-01
9.986206896551723666e-01
9.986206896551723666e-01
9.989655172413792750e-01
9.989655172413792750e-01
9.993103448275861833e-01
9.993103448275861833e-01
9.996551724137930917e-01
9.996551724137930917e-01
1.000000000000000000e+00
1.000000000000000000e+00
