2.869465947151184082e-01
1.543732546269893646e-02
7.179487347602844238e-01
1.050382107496261597e-01
5.336685776710510254e-01
6.679195165634155273e-01
3.009833991527557373e-01
1.137883495539426804e-02
1.421300470829010010e-01
3.553472757339477539e-01
1.213168203830718994e-01
1.152578647634072695e-06
7.207249402999877930e-01
5.890835449099540710e-02
9.351659173262305558e-06
2.762111723423004150e-01
8.955758213996887207e-01
1.768333911895751953e-01
3.595027010305784643e-06
2.257269670735695399e-06
1.155916750431060791e-01
8.982415795326232910e-01
7.397992014884948730e-01
7.165184020996093750e-01
5.804608464241027832e-01
6.233835816383361816e-01
3.320437669754028320e-01
1.911726593971252441e-01
5.266446471214294434e-01
2.072726204005448380e-07
1.823483471525833011e-04
9.695415385067462921e-03
6.343666911125183105e-01
7.261644601821899414e-01
2.903211629018187523e-03
3.275105655193328857e-01
5.988624691963195801e-01
2.118611708283424377e-03
7.505393587052822113e-03
6.115017185948090628e-06
6.167581677436828613e-01
1.272471249103546143e-01
4.555430450636777095e-07
6.201063990592956543e-01
1.125767448684200644e-05
1.142986079116781184e-07
5.216730013489723206e-02
1.642836630344390869e-01
6.679738759994506836e-01
5.859023928642272949e-01
7.245094180107116699e-01
5.098616238683462143e-03
6.363024711608886719e-01
1.364198862574994564e-03
5.791765451431274414e-01
1.171886622905731201e-01
1.548838019371032715e-01
7.540768980979919434e-01
2.734926529228687286e-04
4.956691265106201172e-01
5.036132335662841797e-01
4.177338182926177979e-01
5.464501100505003706e-06
2.583545865491032600e-03
4.460699558258056641e-01
1.916010230779647827e-01
7.804812788963317871e-01
2.284293174743652344e-01
2.713105082511901855e-01
1.579004228115081787e-01
6.557044386863708496e-01
7.569478154182434082e-01
1.190668866038322449e-01
8.833907842636108398e-01
3.547170162200927734e-01
2.671893537044525146e-01
1.093435571419831831e-06
3.436733186244964600e-01
3.226885497570037842e-01
4.205615550745278597e-04
7.786452174186706543e-01
3.466699719429016113e-01
4.265454411506652832e-01
2.668911516666412354e-01
3.714715540409088135e-01
7.295075058937072754e-01
3.757471740245819092e-01
4.384608268737792969e-01
4.630331695079803467e-01
8.543264865875244141e-02
8.105708360671997070e-01
7.423743605613708496e-01
6.413211822509765625e-01
5.707387924194335938e-01
6.713380217552185059e-01
7.114050537347793579e-02
4.399453997611999512e-01
1.229446828365325928e-01
1.377695202827453613e-01
3.698289096355438232e-01
1.874311361461877823e-03
6.728083491325378418e-01
6.452877521514892578e-01
3.590866625308990479e-01
9.968974441289901733e-02
8.642558008432388306e-02
7.180495858192443848e-01
4.096929132938385010e-01
4.933008253574371338e-01
1.218009814620018005e-01
9.272481203079223633e-01
5.948065519332885742e-01
6.700183153152465820e-01
6.111070513725280762e-01
1.025489568710327148e-01
4.813957512378692627e-01
3.424513339996337891e-01
2.378256567681091838e-06
2.635272145271301270e-01
2.670931164175271988e-03
1.133626103401184082e-01
5.998855233192443848e-01
7.224000455607892945e-07
7.070630788803100586e-01
1.496676057577133179e-01
8.383544045500457287e-04
6.429988741874694824e-01
2.073907256126403809e-01
1.243959064595401287e-03
3.461290597915649414e-01
5.939818024635314941e-01
3.324867066112346947e-06
4.877480478171491995e-06
2.933125415438553318e-06
1.386011135764420033e-03
4.600321948528289795e-01
5.074769258499145508e-01
7.054980397224426270e-01
9.046425223350524902e-01
5.950618982315063477e-01
4.043370783329010010e-01
3.269089162349700928e-01
1.857912987470626831e-01
2.541194260120391846e-01
8.856893181800842285e-01
5.208913609385490417e-02
6.989799737930297852e-01
8.718318939208984375e-01
1.194416135549545288e-01
1.441912949085235596e-01
4.097884893417358398e-01
6.253236532211303711e-01
9.027368426322937012e-01
4.684089720249176025e-01
1.214259490370750427e-01
6.868568016216158867e-04
9.585651755332946777e-02
5.681580901145935059e-01
3.750868141651153564e-01
9.248180985450744629e-01
4.344788491725921631e-01
1.269929856061935425e-01
6.322792731225490570e-03
2.636391818523406982e-01
7.451762557029724121e-01
2.037309706211090088e-01
5.957441329956054688e-01
5.170339345932006836e-01
1.521435976028442383e-01
7.576557397842407227e-01
6.210734248161315918e-01
7.096986472606658936e-02
8.592490851879119873e-02
6.959390640258789062e-01
3.851587176322937012e-01
4.887896478176116943e-01
1.050139442086219788e-01
1.006707176566123962e-01
2.644641972437966615e-05
1.250363327562808990e-02
7.408946156501770020e-01
6.405193289538146928e-06
1.258153766393661499e-01
7.871811985969543457e-01
8.863931149244308472e-02
3.995781838893890381e-01
7.013671398162841797e-01
3.739309906959533691e-01
8.592352271080017090e-02
1.764273941516876221e-01
5.467947199940681458e-02
6.844188570976257324e-01
4.356980498414486647e-04
1.978380169020965695e-06
3.747521042823791504e-01
7.888849377632141113e-01
2.505437731742858887e-01
1.741053164005279541e-01
7.268801331520080566e-01
1.229255422949790955e-01
1.688043121248483658e-03
1.302803605794906616e-01
8.947048627305775881e-06
1.218734658323228359e-03
6.637700200080871582e-01
6.144959330558776855e-01
3.607475757598876953e-01
4.768914282321929932e-01
7.849594354629516602e-01
5.736532807350158691e-01
5.939980745315551758e-01
1.345959299214882776e-05
7.707691192626953125e-01
6.102771162986755371e-01
1.272614002227783203e-01
3.627909245551563799e-05
9.668058482930064201e-04
1.593144588696304709e-06
1.155249178409576416e-01
4.884335696697235107e-01
1.770814997144043446e-04
1.322138632531277835e-05
3.441267311573028564e-01
7.491610050201416016e-01
6.488471031188964844e-01
1.946028089150786400e-03
1.996728181838989258e-01
1.737964004278182983e-01
6.090897917747497559e-01
7.517355680465698242e-01
5.046871304512023926e-01
5.857830047607421875e-01
1.449439376592636108e-01
7.045814990997314453e-01
4.903140506939962506e-07
6.536999717354774475e-04
1.303870504898441141e-07
4.846834242343902588e-01
1.342649757862091064e-01
3.110676705837249756e-01
3.938891291618347168e-01
4.170960783958435059e-01
1.919366046786308289e-02
1.560728065669536591e-03
9.234237670898437500e-02
6.038252115249633789e-01
1.303198486566543579e-01
7.025254964828491211e-01
7.139590382575988770e-01
1.724404990673065186e-01
6.209738850593566895e-01
4.199960529804229736e-01
7.106139063835144043e-01
1.095007136464118958e-01
7.317643761634826660e-01
4.371201157482573763e-06
1.557252705097198486e-01
1.630643308162689209e-01
2.921907464042305946e-03
1.590202152729034424e-01
4.078374803066253662e-02
6.433243155479431152e-01
6.307377219200134277e-01
4.956618547439575195e-01
5.750759243965148926e-01
1.304496228694915771e-01
1.309454739093780518e-01
6.187547743320465088e-02
7.771182026772294194e-06
6.691599637269973755e-02
2.297522872686386108e-01
4.657002573367208242e-04
7.927039405331015587e-06
6.840416789054870605e-01
4.030381023767404258e-05
6.246889233589172363e-01
6.532523632049560547e-01
7.315254211425781250e-01
6.935109198093414307e-02
1.307963975705206394e-03
5.980128645896911621e-01
3.757862941711209714e-06
7.183068990707397461e-01
7.089762687683105469e-01
5.288772517815232277e-04
3.151157498359680176e-01
7.137007713317871094e-01
4.659486711025238037e-01
4.184488058090209961e-01
6.454080343246459961e-01
1.389696728438138962e-02
6.172367334365844727e-01
7.089362740516662598e-01
5.563461184501647949e-01
2.557147759944200516e-03
2.138868421316146851e-01
6.982726454734802246e-01
6.916996836662292480e-01
6.495434045791625977e-01
5.267449468374252319e-02
9.032886624336242676e-01
2.695463895797729492e-01
1.772276334577327361e-07
9.597750008106231689e-02
3.770198225975036621e-01
6.344673633575439453e-01
6.403011083602905273e-01
1.626816242933273315e-01
7.208101749420166016e-01
1.475008428096771240e-01
6.861729025840759277e-01
5.306532979011535645e-01
5.384441614151000977e-01
4.717712104320526123e-01
6.774087548255920410e-01
1.163133084774017334e-01
1.099545061588287354e-01
7.251167297363281250e-01
5.692216157913208008e-01
6.232376694679260254e-01
7.786317467689514160e-01
7.120110392570495605e-01
1.027648430317640305e-02
4.520860966295003891e-04
1.396735431626439095e-03
6.808069944381713867e-01
8.236888051033020020e-02
6.546377790073165670e-06
4.456384778022766113e-01
4.216999933123588562e-02
4.323852863308275118e-06
1.633243868127465248e-03
8.194557428359985352e-01
6.655415147542953491e-02
5.273407697677612305e-01
5.212361884332494810e-07
9.654762595891952515e-02
7.032061219215393066e-01
4.775612652301788330e-01
9.246635437011718750e-01
7.180708050727844238e-01
1.511202305555343628e-01
1.891807280480861664e-02
3.998433705419301987e-03
6.794440150260925293e-01
3.560126423835754395e-01
2.054875046014785767e-01
2.995110750198364258e-01
7.224698662757873535e-01
1.010794788599014282e-01
7.094489336013793945e-01
6.955299973487854004e-01
3.404844756005331874e-05
6.789739131927490234e-01
4.129087626934051514e-01
3.601976111531257629e-02
6.738177537918090820e-01
1.782351173460483551e-02
5.507091879844665527e-01
5.996793697704561055e-05
6.752933263778686523e-01
7.013569474220275879e-01
8.522165417671203613e-01
4.825878143310546875e-01
9.010854363441467285e-01
2.059270400422974490e-06
1.083182394504547119e-01
5.295627117156982422e-01
6.266322135925292969e-01
6.023494601249694824e-01
6.945909857749938965e-01
5.583488345146179199e-01
6.610623598098754883e-01
4.756352007389068604e-01
5.406107306480407715e-01
2.922933697700500488e-01
5.263999700546264648e-01
6.800876855850219727e-01
1.438651117496192455e-03
4.371143281459808350e-01
6.680033802986145020e-01
1.052990090101957321e-02
2.414183882137876935e-06
6.156045198440551758e-01
2.388625871390104294e-03
4.370733797550201416e-01
1.979880607905215584e-06
9.040454074238368776e-08
1.404248774051666260e-01
1.852969830906658899e-06
4.624349458026699722e-05
5.937005877494812012e-01
7.378031015396118164e-01
1.702759861946105957e-01
3.634802401065826416e-01
7.244446873664855957e-01
5.502346158027648926e-01
9.912985115079209208e-05
5.017121434211730957e-01
3.355136215686798096e-01
6.779235005378723145e-01
6.255645751953125000e-01
1.508522033691406250e-01
9.394565969705581665e-02
5.474349018186330795e-04
1.456064637750387192e-04
7.826532721519470215e-01
1.104983850382268429e-03
4.796397697646170855e-04
8.124559521675109863e-01
4.995981726096943021e-05
2.896788120269775391e-01
4.374296665191650391e-01
1.958896666765213013e-01
6.903527975082397461e-01
8.667142689228057861e-02
4.328033328056335449e-01
9.683588892221450806e-02
7.826345562934875488e-01
5.675930380821228027e-01
6.765791773796081543e-01
1.605895959073677659e-04
2.387825846672058105e-01
5.128433108329772949e-01
7.485762238502502441e-01
5.575432777404785156e-01
6.997039318084716797e-01
3.044757805764675140e-02
7.555838823318481445e-01
1.066965609788894653e-02
5.838186325490823947e-07
3.616142272949218750e-01
2.345984429121017456e-01
1.597435176372528076e-01
2.564095854759216309e-01
5.804366469383239746e-01
1.462307423353195190e-01
4.932836294174194336e-01
6.690091639757156372e-02
3.459430336952209473e-01
4.766184687614440918e-01
5.120960623025894165e-02
4.728926122188568115e-01
3.127316832542419434e-01
6.640228629112243652e-01
1.620783805847167969e-01
7.595263719558715820e-01
7.366529107093811035e-01
3.579732477664947510e-01
1.316987872123718262e-01
5.607195496559143066e-01
7.465251684188842773e-01
7.033498287200927734e-01
2.141105085611343384e-01
7.623360157012939453e-01
1.543089456390589476e-05
6.667493581771850586e-01
1.065851077437400818e-01
2.810025307553587481e-06
7.378612756729125977e-01
1.096811369061470032e-01
1.594612747430801392e-01
5.226656198501586914e-01
7.249226570129394531e-01
4.082937836647033691e-01
2.159840241074562073e-02
6.137112379074096680e-01
9.101256132125854492e-01
6.958462595939636230e-01
9.234315156936645508e-01
6.855297088623046875e-01
7.256595492362976074e-01
6.651963591575622559e-01
6.730586290359497070e-02
1.484948694705963135e-01
6.619322896003723145e-01
4.734274057227594312e-07
5.671684741973876953e-01
6.758330464363098145e-01
7.082898020744323730e-01
5.942406058311462402e-01
1.146214162872638553e-05
7.890664339065551758e-01
2.137565024895593524e-05
2.265026420354843140e-01
6.042982935905456543e-01
1.012065410614013672e-01
9.992685168981552124e-02
1.038785651326179504e-01
6.831538081169128418e-01
1.978524262085556984e-03
7.626387476921081543e-01
5.417651534080505371e-01
4.118963479995727539e-01
6.979951858520507812e-01
2.798227360472083092e-03
4.222293496131896973e-01
5.795438885688781738e-01
1.847165226936340332e-01
5.816555023193359375e-01
1.857878669397905469e-04
5.973948836326599121e-01
8.969449996948242188e-01
2.511142287403345108e-03
9.597142040729522705e-02
1.935368180274963379e-01
4.841780960559844971e-01
5.669385063811205328e-05
4.834858700633049011e-02
7.388272881507873535e-01
6.023806929588317871e-01
8.342702686786651611e-02
1.856276839971542358e-01
1.515879034996032715e-01
4.569680392742156982e-01
6.838929653167724609e-01
5.172213315963745117e-01
7.539009451866149902e-01
1.358991653432894964e-06
2.058279365301132202e-01
7.639878392219543457e-01
9.286925792694091797e-01
7.260814905166625977e-01
3.183965981006622314e-01
6.693497300148010254e-01
4.855848848819732666e-01
7.159955501556396484e-01
7.457107901573181152e-01
5.542748570442199707e-01
6.317600877991935704e-07
1.030337288975715637e-01
3.345282948430394754e-06
6.419785618782043457e-01
3.561621010303497314e-01
6.358748078346252441e-01
6.311820745468139648e-01
7.641045451164245605e-01
4.254179000854492188e-01
5.382527709007263184e-01
1.627746075391769409e-01
5.981479287147521973e-01
1.363506466150283813e-01
1.153290388174355030e-03
6.661961078643798828e-01
1.102675683796405792e-03
6.739077717065811157e-02
8.166599869728088379e-01
1.901832967996597290e-01
7.111803293228149414e-01
6.432434320449829102e-01
4.879120886325836182e-01
9.204013943672180176e-01
5.314860939979553223e-01
3.959059342741966248e-02
2.447498738765716553e-01
6.112002134323120117e-01
7.627137303352355957e-01
4.537007808685302734e-01
4.180123214609920979e-04
9.074093103408813477e-01
4.473314731967548141e-07
8.153525590896606445e-01
5.533713698387145996e-01
5.528465509414672852e-01
1.704710572957992554e-01
9.162872433662414551e-01
5.737134069204330444e-02
5.214051343500614166e-04
9.020680934190750122e-02
5.744880437850952148e-01
1.359478682279586792e-01
6.707905232906341553e-02
1.977675780653953552e-02
3.211293816566467285e-01
3.348760902881622314e-01
6.954640746116638184e-01
7.930355786811560392e-05
1.403561234474182129e-01
6.868739128112792969e-01
1.912185980472713709e-04
8.590060472488403320e-01
3.149583637714385986e-01
7.264382243156433105e-01
1.675871885709057096e-06
5.051202178001403809e-01
3.676326572895050049e-01
4.833587408065795898e-01
8.505787700414657593e-03
4.900628030300140381e-01
1.642938703298568726e-01
7.268539667129516602e-01
8.441662788391113281e-01
6.792302131652832031e-01
7.678948044776916504e-01
9.257127642631530762e-01
5.058854818344116211e-01
4.280149425994750345e-07
7.606822848320007324e-01
6.781610846519470215e-01
7.635176181793212891e-01
9.427502751350402832e-02
8.426085696555674076e-04
2.440526187419891357e-01
5.860763192176818848e-01
1.663401235418859869e-06
4.296885132789611816e-01
1.550409942865371704e-01
6.258719563484191895e-01
8.940782546997070312e-01
8.241681009531021118e-02
1.934870851982850581e-06
8.956808447837829590e-01
6.070093512535095215e-01
1.443245410919189453e-01
5.260352492332458496e-01
5.920866387896239758e-04
6.514293700456619263e-02
3.462812006473541260e-01
2.252230644226074219e-01
5.393941402435302734e-01
5.993960425257682800e-02
9.267119457945227623e-04
1.223895139992237091e-02
6.458678245544433594e-01
5.895860791206359863e-01
1.367161870002746582e-01
6.848370685474947095e-05
5.157569646835327148e-01
5.351842641830444336e-01
5.834933742880821228e-02
6.672440171241760254e-01
2.721758484840393066e-01
9.124560356140136719e-01
6.911659836769104004e-01
9.286456108093261719e-01
3.941483795642852783e-01
6.810013055801391602e-01
6.758514046669006348e-01
6.731461286544799805e-01
2.691471576690673828e-01
2.986539016092137899e-07
1.214555427432060242e-01
1.138633706432301551e-06
4.138688445091247559e-01
2.850787937641143799e-01
6.832636594772338867e-01
5.065579316578805447e-04
6.958263516426086426e-01
5.485326823873037938e-07
6.246676445007324219e-01
7.914215922355651855e-01
2.616376578807830811e-01
7.781254053115844727e-01
1.321531683206558228e-01
4.528155841398984194e-07
9.083992242813110352e-01
7.671673297882080078e-01
6.196931600570678711e-01
6.205295324325561523e-01
7.057818174362182617e-01
1.485853921622037888e-03
1.507829129695892334e-01
4.952009185217320919e-04
5.428356584161520004e-03
3.402267694473266602e-01
1.102546043694019318e-02
2.696377458050847054e-03
1.674112230539321899e-01
5.121404528617858887e-01
1.217268630862236023e-01
8.015134930610656738e-01
5.727279186248779297e-01
4.932344555854797363e-01
9.128059148788452148e-01
1.339561585336923599e-02
7.674182057380676270e-01
6.522032618522644043e-01
1.597521305084228516e-01
1.641750102862715721e-03
2.163803130388259888e-01
8.811841835267841816e-04
4.908034205436706543e-01
6.728909015655517578e-01
2.387231141328811646e-01
1.302221789956092834e-02
6.448529362678527832e-01
3.089615120188682340e-06
4.319525659084320068e-01
6.714973449707031250e-01
7.138819694519042969e-01
1.592111289501190186e-01
6.627620458602905273e-01
9.764728136360645294e-03
9.024834632873535156e-01
1.314251422882080078e-01
5.619317293167114258e-01
4.183579683303833008e-01
1.194277927279472351e-01
1.347769349813461304e-01
7.827779054641723633e-01
1.153016739863232942e-07
7.215568330138921738e-03
6.944065690040588379e-01
1.761447638273239136e-01
5.437398552894592285e-01
8.974115252494812012e-01
4.189482033252716064e-01
7.035349607467651367e-01
8.895394951105117798e-02
3.576802909374237061e-01
6.517210602760314941e-01
7.175240516662597656e-01
1.261296123266220093e-01
4.144830405712127686e-01
7.623527050018310547e-01
2.178130857646465302e-02
7.835353612899780273e-01
7.795971632003784180e-01
3.301018774509429932e-01
3.372318670153617859e-02
6.282053589820861816e-01
1.276670694351196289e-01
7.242651581764221191e-01
7.426221370697021484e-01
5.291395187377929688e-01
5.697252750396728516e-01
7.889543771743774414e-01
6.776539683341979980e-01
4.966095387935638428e-01
6.474981307983398438e-01
3.586455062031745911e-02
5.945314764976501465e-01
6.456587910652160645e-01
7.100415229797363281e-01
6.872373223304748535e-01
7.290700674057006836e-01
8.256136626005172729e-02
1.407175660133361816e-01
6.611982583999633789e-01
6.956039667129516602e-01
5.473398566246032715e-01
1.201371178030967712e-01
3.629090189933776855e-01
1.269529312849044800e-01
6.075989007949829102e-01
6.823160052299499512e-01
2.361543625593185425e-01
1.395720988512039185e-01
5.032076239585876465e-01
1.746218800544738770e-01
4.710119664669036865e-01
1.540080010890960693e-01
7.554419636726379395e-01
5.724890232086181641e-01
6.496832706034183502e-03
4.705690912487625610e-07
1.118761021643877029e-03
7.297325730323791504e-01
7.374449372291564941e-01
1.069523245096206665e-01
1.284398585557937622e-01
3.659395277500152588e-01
4.938784241676330566e-01
6.560245156288146973e-01
4.480803909245878458e-04
1.200383976101875305e-01
1.730941236019134521e-02
3.003658652305603027e-01
1.221256703138351440e-02
4.019779264926910400e-01
6.752246022224426270e-01
6.942560672760009766e-01
2.118216753005981445e-01
1.283553242683410645e-01
2.182741612195968628e-01
4.550326168537139893e-01
3.126579523086547852e-01
6.933477125130593777e-04
1.372496783733367920e-01
2.809334173798561096e-02
6.698996424674987793e-01
7.125785946846008301e-01
5.774935707449913025e-02
7.355198264122009277e-01
2.006128281354904175e-01
5.237703919410705566e-01
6.661916971206665039e-01
6.651430130004882812e-01
1.300769554291036911e-06
1.946976780891418457e-01
1.812725812196731567e-01
1.327902823686599731e-01
6.640364527702331543e-01
7.145902514457702637e-01
3.854168578982353210e-02
7.021393775939941406e-01
3.413212834857404232e-05
6.035736203193664551e-01
2.624102251047588652e-07
4.247477352619171143e-01
8.124637533910572529e-04
8.366334438323974609e-02
1.348865181207656860e-01
1.483618120801111218e-06
2.274668067693710327e-01
1.537320762872695923e-02
5.990584492683410645e-01
4.670027119573205709e-04
4.366026818752288818e-01
5.617307424545288086e-01
6.519617047160863876e-03
6.373943686485290527e-01
4.279535114765167236e-01
1.004768628627061844e-02
9.784752875566482544e-02
7.277869582176208496e-01
6.692647933959960938e-01
6.078591942787170410e-01
1.499393284320831299e-01
9.025424122810363770e-01
3.566882256222925207e-08
5.693395733833312988e-01
8.979945778846740723e-01
5.004174709320068359e-01
5.338823050260543823e-02
6.479964256286621094e-01
7.424326241016387939e-02
4.240396320819854736e-01
1.408852636814117432e-01
1.406237781047821045e-01
4.607583880424499512e-01
7.783570289611816406e-01
1.437442153692245483e-01
6.747580766677856445e-01
3.460102528333663940e-02
1.362021714448928833e-01
6.798984855413436890e-02
1.947764903306961060e-01
7.369700670242309570e-01
1.055439114570617676e-01
2.443026900291442871e-01
1.359999030828475952e-01
4.200670123100280762e-01
6.398198008537292480e-01
4.908719062805175781e-01
2.775923907756805420e-01
6.010331511497497559e-01
3.970498255512211472e-06
3.616642355918884277e-01
3.483561277389526367e-01
1.926760934293270111e-02
4.537486005574464798e-03
5.351813510060310364e-03
4.668616456910967827e-04
3.869626224040985107e-01
3.608024418354034424e-01
7.327440977096557617e-01
8.900709450244903564e-02
1.511445492506027222e-01
5.339433550834655762e-01
6.779768737033009529e-04
6.337789446115493774e-02
6.409678459167480469e-01
6.361894011497497559e-01
7.589048147201538086e-01
1.225751359015703201e-03
6.010081171989440918e-01
5.721727386116981506e-02
1.697793900966644287e-01
1.405546814203262329e-01
7.253799438476562500e-01
7.283519506454467773e-01
1.054217964410781860e-01
6.534491181373596191e-01
9.237575531005859375e-01
8.768826127052307129e-01
4.643771946430206299e-01
2.229334086223389022e-06
3.666730523109436035e-01
5.681749582290649414e-01
1.296545863151550293e-01
5.193506479263305664e-01
1.356993019580841064e-01
6.732601672410964966e-02
9.133814019151031971e-04
5.969902276992797852e-01
1.446704268455505371e-01
6.951229920559853781e-07
7.140293291740817949e-06
1.938170343637466431e-01
6.059087514877319336e-01
2.257878631353378296e-01
5.804080367088317871e-01
2.775875385850667953e-03
1.827418953180313110e-01
7.685155272483825684e-01
7.267813682556152344e-01
7.773070335388183594e-01
2.427655160427093506e-01
5.840790867805480957e-01
3.222328424453735352e-01
5.137358307838439941e-01
3.455563187599182129e-01
5.860503315925598145e-01
1.413466781377792358e-01
4.608536660671234131e-01
6.638025045394897461e-01
8.990532159805297852e-01
5.173658132553100586e-01
1.386224478483200073e-01
7.250216603279113770e-01
2.816356020048260689e-03
4.904093802906572819e-04
3.733765697688795626e-05
7.248204201459884644e-02
7.077903300523757935e-02
5.773692131042480469e-01
6.325454115867614746e-01
1.599857956171035767e-01
6.957079172134399414e-01
6.482423486886546016e-07
6.131899952888488770e-01
1.726805865764617920e-01
9.800135344266891479e-02
5.035572648048400879e-01
7.923749089241027832e-01
5.531610846519470215e-01
1.018150970339775085e-01
2.871679961681365967e-01
7.728189229965209961e-01
7.060304284095764160e-02
6.325410604476928711e-01
2.874162495136260986e-01
1.020536348223686218e-01
6.540821790695190430e-01
6.762645244598388672e-01
5.476944614201784134e-03
9.124040603637695312e-01
1.547185354866087437e-03
2.159009277820587158e-01
2.091779410839080811e-01
7.474905252456665039e-01
2.303630113601684570e-01
6.863984465599060059e-01
8.154672980308532715e-01
4.490142464637756348e-01
6.510137915611267090e-01
1.902858167886734009e-02
2.003843519560177810e-06
1.787549081200268120e-05
5.342957377433776855e-01
1.843556910753250122e-01
6.127357664809096605e-06
1.427346467971801758e-02
5.463464856147766113e-01
9.017536044120788574e-01
7.415843009948730469e-01
6.814615726470947266e-01
6.537616252899169922e-01
5.839080214500427246e-01
6.758649945259094238e-01
6.765824556350708008e-01
1.821859390474855900e-03
7.887440323829650879e-01
1.489763706922531128e-01
7.293347120285034180e-01
6.013599634170532227e-01
8.064695000648498535e-01
4.104875552002340555e-05
6.534458398818969727e-01
9.152093529701232910e-02
1.250428706407546997e-01
6.063185930252075195e-01
5.571472458541393280e-03
1.043316442519426346e-03
7.331085801124572754e-01
6.149650812149047852e-01
2.241861920992960222e-06
1.229968736879527569e-03
4.978723078966140747e-02
2.791711688041687012e-01
4.388543665409088135e-01
2.149636000394821167e-01
7.331159395107533783e-07
8.956699371337890625e-01
6.633189916610717773e-01
3.651138842105865479e-01
3.221662016585469246e-03
