4.198670983314514160e-01
9.812732934951782227e-01
5.902919769287109375e-01
3.629963099956512451e-01
5.906311869621276855e-01
6.381527185440063477e-01
6.353741288185119629e-01
6.724365353584289551e-01
7.493450045585632324e-01
5.459766983985900879e-01
7.151432633399963379e-01
6.229479908943176270e-01
6.344628930091857910e-01
7.346284389495849609e-01
2.168607115745544434e-01
9.861088395118713379e-01
5.752413868904113770e-01
8.337631279831114739e-11
6.551619768142700195e-01
1.264849454164505005e-01
1.183586567640304565e-01
1.070574671030044556e-01
5.792826414108276367e-01
7.980706542730331421e-02
4.740024484028992902e-10
7.254383563995361328e-01
7.030511498451232910e-01
4.383471678011119366e-04
2.257392853498458862e-01
3.850985467433929443e-01
6.137218475341796875e-01
3.645998239517211914e-01
6.722349524497985840e-01
7.638238668441772461e-01
6.818009614944458008e-01
7.476887106895446777e-01
8.259846270084381104e-02
9.517876803874969482e-02
4.581956863403320312e-01
5.981224775314331055e-01
2.532690086809452623e-05
3.056862652301788330e-01
7.475686818361282349e-02
3.903252482414245605e-01
2.186695935435523097e-09
7.988197803497314453e-01
7.744047641754150391e-01
2.991179004311561584e-03
5.582188442349433899e-02
1.593030174262821674e-04
1.104294788092374802e-04
3.918573856353759766e-01
9.379219263792037964e-02
5.615435242652893066e-01
4.812232255935668945e-01
8.781624585390090942e-02
1.250010728836059570e-01
6.994838714599609375e-01
4.564641714096069336e-01
2.468735724687576294e-01
3.987072432209970430e-06
7.275145649909973145e-01
5.763122423729782895e-09
4.533852338790893555e-01
9.851055145263671875e-01
7.059544599287773115e-14
5.639619827270507812e-01
1.186087131500244141e-01
6.272394061088562012e-01
1.281956881284713745e-01
3.638121783733367920e-01
1.518601626157760620e-01
3.248543071094900370e-04
1.217614784836769104e-01
6.608772873878479004e-01
7.947383821010589600e-02
8.825989067554473877e-02
2.208205478382296860e-05
7.451209425926208496e-02
5.258359909057617188e-01
1.138831079006195068e-01
9.583857059478759766e-01
1.449090242385864258e-01
4.954607188701629639e-01
8.358305785804986954e-04
1.026371521106739237e-07
6.418768167495727539e-01
9.661357402801513672e-01
9.938226938247680664e-01
6.410014033317565918e-01
4.496991750784218311e-04
6.690441966056823730e-01
2.171063721179962158e-01
7.940380275249481201e-02
5.885008140467107296e-04
7.681949138641357422e-01
6.782044172286987305e-01
1.940516196191310883e-02
2.625361382961273193e-01
5.372039595386013389e-05
2.622175988441135391e-15
7.663862925255671144e-05
6.184108853340148926e-01
9.944167137145996094e-01
1.409587668810274863e-09
6.902309656143188477e-01
9.691407680511474609e-01
6.353684067726135254e-01
9.199810028076171875e-02
1.007434984785504639e-04
5.504679083824157715e-01
1.353113353252410889e-01
6.655546559974087964e-15
7.642611861228942871e-01
7.338067889213562012e-01
9.747020006179809570e-01
7.089323401451110840e-01
8.225269993999972939e-05
6.768826842308044434e-01
7.938919067382812500e-01
4.410955011844635010e-01
7.392148971557617188e-01
6.436939239501953125e-01
4.017874598503112793e-01
3.222865983843803406e-02
9.886520355939865112e-02
2.828975986801651743e-08
8.770877867937088013e-02
7.479222863912582397e-02
4.376569688320159912e-01
6.950442194938659668e-01
5.701566934585571289e-01
1.019967123866081238e-01
7.377005815505981445e-01
8.653651093482039869e-07
1.118525688070803881e-04
7.200288176536560059e-01
2.269093394279479980e-01
7.008430361747741699e-01
1.749938428401947021e-01
2.697253227233886719e-02
6.488603353500366211e-01
5.892590284347534180e-01
9.802172183990478516e-01
1.816565696694319443e-13
1.469719558954238892e-01
2.942400872707366943e-01
6.039240360260009766e-01
3.679086863994598389e-01
7.967534661293029785e-01
7.169533629974855771e-12
7.745730280876159668e-01
9.716925024986267090e-01
3.908637464046478271e-01
9.224933981895446777e-01
7.087010890245437622e-02
9.950432286132127047e-05
5.492717623710632324e-01
6.163689494132995605e-01
8.343008230440318584e-04
7.955477833747863770e-01
9.828468412160873413e-02
1.743051689118146896e-05
3.177616596221923828e-01
3.287861049175262451e-01
1.209410727024078369e-01
4.718197584152221680e-01
1.068898525247163889e-09
5.648682713508605957e-01
4.345739185810089111e-01
3.349703550338745117e-01
7.652553915977478027e-02
1.479206979274749756e-02
2.786787450313568115e-01
6.996303051710128784e-02
5.015231966972351074e-01
7.945365309715270996e-01
7.528348565101623535e-01
9.168785810470581055e-02
5.976403355598449707e-01
5.778753757476806641e-01
5.981671711094036989e-15
4.771369695663452148e-01
6.128101944923400879e-01
7.596230506896972656e-01
7.622019460029605398e-09
2.552991509437561035e-01
3.620966637640776753e-08
1.400200233536708083e-10
1.405493289027143211e-13
2.204938381910324097e-01
3.515726625919342041e-01
3.913225829601287842e-01
1.148108020424842834e-01
3.204559087753295898e-01
7.595710754394531250e-01
6.896711587905883789e-01
3.446474373340606689e-01
8.340694010257720947e-02
6.663427352905273438e-01
6.735166311264038086e-01
9.770207405090332031e-01
6.316775083541870117e-01
3.606529408884534549e-14
1.795417368412017822e-01
9.760797619819641113e-01
6.088026862017181448e-15
9.875734448432922363e-01
6.945917606353759766e-01
4.329587221145629883e-01
4.693586556740736437e-13
2.468562573194503784e-01
1.325149536132812500e-01
4.121031165122985840e-01
7.646508216857910156e-01
4.996207356452941895e-01
1.624791412524473344e-09
5.657798051834106445e-01
3.521943688392639160e-01
6.734502315521240234e-01
3.049161732196807861e-01
1.952643245458602905e-01
2.749317440375875776e-11
6.245475411415100098e-01
6.494458913803100586e-01
1.881780475378036499e-01
7.151238918304443359e-01
9.830971956253051758e-01
8.655489981174468994e-02
4.548312425613403320e-01
2.218521046870591817e-07
9.484784603118896484e-01
1.483928710222244263e-01
7.029079645872116089e-02
6.063709259033203125e-01
8.652627468109130859e-02
2.270115464925765991e-01
5.899196863174438477e-01
2.205950266898071277e-08
2.469324320554733276e-01
1.257162094116210938e-01
9.440458565950393677e-02
6.702017188072204590e-01
5.731629133224487305e-01
9.064104915523785166e-07
2.467112839221954346e-01
1.074489131569862366e-01
2.814462801269818071e-14
6.564859747886657715e-01
1.052304729819297791e-01
4.225434362888336182e-01
2.472095489501953125e-01
6.335843205451965332e-01
6.383005380630493164e-01
9.740513563156127930e-01
3.386777186822897967e-12
2.555700484663248062e-05
2.225402444601058960e-01
6.936953663825988770e-01
6.757162809371948242e-01
1.996429413557052612e-01
3.832216262817382812e-01
5.263219475746154785e-01
5.768827795982360840e-01
4.663142859935760498e-01
7.392812967300415039e-01
7.975820899009704590e-01
1.311669349670410156e-01
4.323553144931793213e-01
4.993943274021148682e-01
7.215147018432617188e-01
5.535234808921813965e-01
9.912728667259216309e-01
7.286503314971923828e-01
4.920081496238708496e-01
3.422545790672302246e-01
7.694572090599649528e-09
2.894495810323860496e-05
1.438871244374695380e-08
3.599850535392761230e-01
7.963138222694396973e-01
1.050226837396621704e-01
7.405822873115539551e-01
3.503585199737813127e-10
1.224258020520210266e-01
9.734544157981872559e-01
3.971812129020690918e-01
3.917883932590484619e-01
3.086830838583409786e-04
2.819741329318503631e-09
6.823331713676452637e-01
2.888649404048919678e-01
5.818646401166915894e-03
7.191142067313194275e-03
5.743827819824218750e-01
1.579002887010574341e-01
2.850987613201141357e-01
9.881293773651123047e-01
9.530719369649887085e-02
2.877136766910552979e-01
5.515410900115966797e-01
2.635315656661987305e-01
4.192613065242767334e-01
6.119198203086853027e-01
6.760092929880556767e-09
1.054049357771873474e-01
3.081292212009429932e-01
4.244599938392639160e-01
7.153133749961853027e-01
6.749616265296936035e-01
1.441992670297622681e-01
6.676140427589416504e-01
4.632767736911773682e-01
6.809349060058593750e-01
5.728849172592163086e-01
1.898315548896789551e-01
1.005380693823099136e-02
8.025807142257690430e-01
2.957525849342346191e-01
3.137038946151733398e-01
7.157413959503173828e-01
2.599319219589233398e-01
6.608978509902954102e-01
7.080925703048706055e-01
7.932526469230651855e-01
6.806005239486694336e-01
7.127563357353210449e-01
1.030615344643592834e-01
3.678678997705298048e-14
7.866089344024658203e-01
7.724760501398586499e-13
3.794391453266143799e-01
4.332293272018432617e-01
4.129743354469410377e-14
9.802362322807312012e-01
5.403746366500854492e-01
4.632099866867065430e-01
8.868654504112782888e-07
6.254282593727111816e-01
6.279798746109008789e-01
4.341570138931274414e-01
5.870231736685230239e-14
5.068376064300537109e-01
6.148056983947753906e-01
2.255296856164932251e-01
4.127735197544097900e-01
5.370282530784606934e-01
5.886599421501159668e-01
5.203600137587693908e-12
5.758491754531860352e-01
9.199907071888446808e-03
2.030587047338485718e-01
6.844811141490936279e-02
6.468501091003417969e-01
5.215126657276414335e-05
9.250450134277343750e-02
5.128283500671386719e-01
6.826791167259216309e-01
4.894757568836212158e-01
5.081740617752075195e-01
5.788420438766479492e-01
2.015374600887298584e-01
4.663719534873962402e-01
7.315136194229125977e-01
7.258670926094055176e-01
3.771841824054718018e-01
2.983324229717254639e-01
1.107907223740767222e-06
9.193371236324310303e-02
2.771304249763488770e-01
4.904228262603282928e-03
1.167472146335057914e-04
1.096730828285217285e-01
9.810184240341186523e-01
1.821979433298110962e-01
9.896324826286218013e-08
3.442561030387878418e-01
5.389372110366821289e-01
6.724455207586288452e-02
1.074156071990728378e-02
6.326507329940795898e-01
3.820884739980101585e-05
6.343453526496887207e-01
6.642348170280456543e-01
7.669712901115417480e-01
3.125757277011871338e-01
6.152238256618147716e-07
2.508587837219238281e-01
4.558222889900207520e-01
7.933694124221801758e-01
8.003630042076110840e-01
2.497819811105728149e-01
2.430267098674221415e-10
7.548559000092325277e-11
4.305088520050048828e-01
4.651124477386474609e-01
6.922228336334228516e-01
1.220952346920967102e-01
1.107342094182968140e-01
9.031248837709426880e-02
3.768420597793920024e-08
6.233927011489868164e-01
6.097171306610107422e-01
3.431769013404846191e-01
8.470990131570488302e-09
3.213145305380749051e-10
7.328333258628845215e-01
7.940840721130371094e-02
2.784919738769531250e-02
6.314818561077117920e-02
2.026639995165169239e-04
6.184637546539306641e-02
4.869099855422973633e-01
1.459970349060313310e-07
1.750412136316299438e-01
4.758604466915130615e-01
1.042500808835029602e-01
6.447700262069702148e-01
7.297912836074829102e-01
1.842024326324462891e-01
7.820562720298767090e-01
8.197544883572008279e-14
5.265291333198547363e-01
7.109895348548889160e-01
6.162222027778625488e-01
1.472513377666473389e-01
1.073931753635406494e-01
3.736499249935150146e-01
6.270355582237243652e-01
1.112569794058799744e-01
6.931664347648620605e-01
4.724436700344085693e-01
1.443003838164438890e-13
1.590123176574707031e-01
6.410468816757202148e-01
6.057852506637573242e-01
3.436826432334783021e-07
1.361642330884933472e-01
1.883302927017211914e-01
9.859482049942016602e-01
7.724664657926538780e-11
5.286749601364135742e-01
3.990577757358551025e-01
8.206782490015029907e-02
5.274744033813476562e-01
9.934050240190117620e-07
4.730274379253387451e-01
7.757112979888916016e-01
2.807024717330932617e-01
8.654884877614676952e-04
6.019413471221923828e-01
6.081039309501647949e-01
4.689585182404698571e-07
7.866556942462921143e-02
9.269174933433532715e-02
3.917742054909467697e-03
9.840505719184875488e-01
7.741244137287139893e-02
7.473918199539184570e-01
6.187853614392224699e-06
7.547945976257324219e-01
2.450723259244114161e-04
6.592040657997131348e-01
6.173129677772521973e-01
9.720007181167602539e-01
6.634057164192199707e-01
7.643071413040161133e-01
3.989171385765075684e-01
5.503128170967102051e-01
2.811513543128967285e-01
2.268665432929992676e-01
1.134797185659408569e-01
5.701459050178527832e-01
9.262701272964477539e-01
1.104854419827461243e-01
3.017318667843937874e-04
1.484047606936655939e-05
7.682921886444091797e-01
1.807094562877864519e-08
3.830575942993164062e-02
3.558003008365631104e-01
4.511792659759521484e-01
1.502051651477813721e-01
6.658774018287658691e-01
5.253100991249084473e-01
1.186484005302190781e-03
5.053246021270751953e-01
1.079761773326026741e-07
4.827695786952972412e-01
3.320979475975036621e-01
1.375309675931930542e-01
2.739068865776062012e-01
5.556250926019856706e-07
3.719184398651123047e-01
4.159065186977386475e-01
1.387799084186553955e-01
6.398087143898010254e-01
1.123911701142787933e-02
3.676294386386871338e-01
1.073836684226989746e-01
7.128408551216125488e-01
7.902302145957946777e-01
1.002888381481170654e-01
6.373199820518493652e-01
2.062257586921134589e-10
1.674453467130661011e-01
3.040792346000671387e-01
9.051396697759628296e-02
2.526764273643493652e-01
9.371160715818405151e-02
7.191974520683288574e-01
1.177769526839256287e-01
2.675460278987884521e-02
4.637832045555114746e-01
1.629383409337652189e-14
5.587784051895141602e-01
6.640911102294921875e-01
1.765839954259718070e-07
1.213023364543914795e-01
3.437463601585477591e-05
2.464439272880554199e-01
3.342903032898902893e-02
1.143443006945688012e-09
4.985808134078979492e-01
5.572828656874584397e-12
5.891960263252258301e-01
1.922828596434555948e-05
1.207175850868225098e-01
3.550436496734619141e-01
1.398328635104917339e-07
8.438224345445632935e-02
1.184413582086563110e-01
3.307861983776092529e-01
4.055619537830352783e-01
9.932501316070556641e-01
3.152949213981628418e-01
6.493753194808959961e-01
5.702664703130722046e-02
7.954367995262145996e-01
7.588869333267211914e-01
1.164689360715976188e-15
1.207563877105712891e-01
1.101931035518646240e-01
9.535486983347496448e-11
6.391719579696655273e-01
5.106396079063415527e-01
5.451314449310302734e-01
6.283710536081343889e-05
5.020317435264587402e-01
4.118063747882843018e-01
1.816772818565368652e-01
6.725543737411499023e-01
8.945320546627044678e-02
6.188892722129821777e-01
1.706404387950897217e-01
1.214187079767725663e-07
1.076092571020126343e-01
7.257127761840820312e-01
9.092314574854487574e-12
1.645611822605133057e-01
7.919156551361083984e-02
6.322081089019775391e-01
9.940296411514282227e-01
5.280710458755493164e-01
7.380503416061401367e-01
3.332858511742586849e-12
9.825952053070068359e-01
5.490582063794136047e-02
6.930706650018692017e-02
1.903653889894485474e-01
1.831892877817153931e-01
9.803126454353332520e-01
2.168077729066547610e-13
6.743749976158142090e-02
7.149751186370849609e-01
8.707237243652343750e-01
7.283383607864379883e-01
9.029270708560943604e-02
9.929549098014831543e-01
6.487637758255004883e-01
6.370646357536315918e-01
1.597094815224409103e-03
8.921780437231063843e-02
4.337789416313171387e-01
6.418019533157348633e-01
7.435127496719360352e-01
6.631921529769897461e-01
6.694395840167999268e-02
9.687556028366088867e-01
1.455064713954925537e-01
1.487678587436676025e-01
1.126761883497238159e-01
8.889396488666534424e-02
9.711216688156127930e-01
1.458965125493705273e-04
5.546319484710693359e-01
1.642881426960229874e-03
4.497043119044974446e-05
3.021102845668792725e-01
6.864458322525024414e-01
8.603791147470474243e-02
1.705808549967713361e-10
1.235183030366897583e-01
7.817581295967102051e-01
7.776151895523071289e-01
3.897804390362580307e-07
1.571912914514541626e-01
2.327401340007781982e-01
1.274587661027908325e-01
6.806734800338745117e-01
7.239981889724731445e-01
1.009764969348907471e-01
2.445318400859832764e-01
9.641965478658676147e-02
3.208276201129012239e-14
2.671969756562475595e-09
3.580744862556457520e-01
4.942448437213897705e-01
5.849365592002868652e-01
4.816620945930480957e-01
5.283405548998920676e-13
4.285970330238342285e-01
1.710469573736190796e-01
1.170788910265230243e-09
9.796207547187805176e-01
7.423706650733947754e-01
3.834116796497255564e-04
5.461748386892395501e-08
4.722478687763214111e-01
1.481570303440093994e-01
6.370756030082702637e-01
1.020282730460166931e-01
6.569554805755615234e-01
6.256406307220458984e-01
5.667929459107767798e-10
6.662557721138000488e-01
2.195884101092815399e-02
1.133986224886029959e-04
6.786999702453613281e-01
4.179174900054931641e-01
1.680317836871836334e-06
8.624910139386210428e-13
7.461935583319423415e-12
5.723366141319274902e-01
4.859060347080230713e-01
1.063632816076278687e-01
6.641737818717956543e-01
5.396531820297241211e-01
6.986264586448669434e-01
6.723573207855224609e-01
1.911075960379093885e-04
6.516287326812744141e-01
3.453782498836517334e-01
9.582560658454895020e-01
7.357646226882934570e-01
9.599992632865905762e-01
4.859873354434967041e-01
1.360927672067191452e-05
5.140592455863952637e-01
8.955977930433624626e-16
1.131245344877243042e-01
2.711060643196105957e-01
3.421007394790649414e-01
4.186196923255920410e-01
6.307467818260192871e-01
5.821635127067565918e-01
1.703935861587524414e-02
7.047952413558959961e-01
7.857679575681686401e-02
6.023733615875244141e-01
6.146865487098693848e-01
5.950162410736083984e-01
3.866499662399291992e-02
2.834616899490356445e-01
9.785099029541015625e-01
4.272679090499877930e-01
7.426205873489379883e-01
1.171436458826065063e-01
1.510622203350067139e-01
3.016683757305145264e-01
2.336891293525695801e-01
5.726346969604492188e-01
1.955765038728713989e-01
6.878267228603363037e-02
1.164061874151229858e-01
2.719325125217437744e-01
2.499369205906987190e-03
6.020981073379516602e-01
8.941097557544708252e-02
7.563049793243408203e-01
7.786207366734743118e-03
3.503359494061442092e-06
2.615692317485809326e-01
6.985146403312683105e-01
6.817743778228759766e-01
9.538792498930970254e-12
6.819201111793518066e-01
7.533539533615112305e-01
1.284893974661827087e-02
5.171863436698913574e-01
7.162313461303710938e-01
1.100336611270904541e-01
4.741319119930267334e-01
8.042704956884305645e-13
6.142465025186538696e-02
7.849314808845520020e-02
5.590577125549316406e-01
1.078897127887445961e-11
6.964398622512817383e-01
4.169016480445861816e-01
1.364489793777465820e-01
9.665032029151916504e-01
2.589667215943336487e-03
7.408481836318969727e-01
3.239645593566820025e-05
6.991047859191894531e-01
4.649732112884521484e-01
1.898910552263259888e-01
6.171589493751525879e-01
7.073166966438293457e-01
1.309031695127487183e-01
7.162190079689025879e-01
7.625684738159179688e-01
5.402750968933105469e-01
2.324958913959562778e-04
4.462214410305023193e-01
9.258439391851425171e-02
2.437908016145229340e-02
6.750162243843078613e-01
6.333645163891787888e-09
1.290242224931716919e-01
1.989468038082122803e-01
2.228948175907135010e-01
8.897497504949569702e-02
1.481371819972991943e-01
2.627930939197540283e-01
6.083996891975402832e-01
6.332220081617379037e-09
5.056885129306465387e-05
6.708993315696716309e-01
6.721075773239135742e-01
3.170597255229949951e-01
5.961589217185974121e-01
3.600123524665832520e-01
5.849514007568359375e-01
5.989335775375366211e-01
1.483960151672363281e-01
6.029716730117797852e-01
1.634715795516967773e-01
5.620515942573547363e-01
2.841290235519409180e-01
4.520968496799468994e-01
7.048085927963256836e-01
7.728532552719116211e-01
2.747894134458306326e-09
1.343014370650053024e-02
9.373430013656616211e-01
1.304015070199966431e-01
3.075375221669673920e-02
3.569348752498626709e-01
6.141819953918457031e-01
2.728056570049375296e-04
6.741575002670288086e-01
5.215683579444885254e-01
9.454403072595596313e-03
7.555043697357177734e-01
7.214568257331848145e-01
1.625973119166734815e-12
1.885841629700735211e-05
6.833133697509765625e-01
1.104573085904121399e-01
8.003537058830261230e-01
7.305530905723571777e-01
6.469192504882812500e-01
5.357971414923667908e-02
4.094711244106292725e-01
6.356323361396789551e-01
4.559630155563354492e-01
7.205059528350830078e-01
6.721043586730957031e-01
5.531954229809343815e-05
1.484802142348584653e-10
7.678100466728210449e-01
1.999611498604281223e-08
8.051503896713256836e-01
8.233770728111267090e-02
6.288444995880126953e-01
5.481219291687011719e-01
6.175192594528198242e-01
3.133082985877990723e-01
3.405020833015441895e-01
6.314556598663330078e-01
8.051467537879943848e-01
6.930220723152160645e-01
4.272229373455047607e-01
9.869857430458068848e-01
5.915321111679077148e-01
6.319008469581604004e-01
4.899678230285644531e-01
7.317302227020263672e-01
1.410850090906023979e-04
6.124149560928344727e-01
1.629861617402639240e-05
7.876659631729125977e-01
1.327930539846420288e-01
2.244259059190970018e-13
6.469984650611877441e-01
7.233314514160156250e-01
2.905574738979339600e-01
7.328972816467285156e-01
4.011783599853515625e-01
8.829858154058456421e-02
1.523296684026718140e-01
4.623765945434570312e-01
9.877823293209075928e-02
5.411975383758544922e-01
5.140463709831237793e-01
3.267503576353192329e-03
4.639949798583984375e-01
2.279763817787170410e-01
4.297625720500946045e-01
5.757420659065246582e-01
7.967507839202880859e-02
6.162278056144714355e-01
1.134022325277328491e-01
4.112835228443145752e-01
7.957146316766738892e-02
5.971344709396362305e-01
1.307200582232326269e-04
9.280103258788585663e-04
1.113823354244232178e-01
1.539908796548843384e-01
6.078452467918395996e-01
1.327923983335494995e-01
2.983544672170018730e-13
6.691347956657409668e-01
3.815342485904693604e-01
6.247624754905700684e-01
2.517797981823471920e-13
6.864149570465087891e-01
1.510368376929902869e-15
6.388210058212280273e-01
4.378451108932495117e-01
6.021251082420349121e-01
6.939164996147155762e-01
7.104823589324951172e-01
8.719762990949675441e-05
6.896058320999145508e-01
2.762447479653928895e-07
6.733290106058120728e-02
8.438227325677871704e-02
2.107469290494918823e-01
6.173214912414550781e-01
1.893490552902221680e-01
1.392301768064498901e-01
6.316256523132324219e-01
6.752396821975708008e-01
7.579525117762386799e-05
6.305316686630249023e-01
1.314537674188613892e-01
1.120337918400764465e-01
6.791833639144897461e-01
1.599067747592926025e-01
7.087308764457702637e-01
1.176580553874373436e-03
9.529843181371688843e-02
3.033027648925781250e-01
1.947841887783852144e-10
9.079528450965881348e-01
1.486140340566635132e-01
7.551636099815368652e-01
6.069956421852111816e-01
6.974726915359497070e-01
9.510446339845657349e-02
9.574044495820999146e-02
7.848503589630126953e-01
7.392439246177673340e-01
9.881306886672973633e-01
3.273300230503082275e-01
4.664544165134429932e-01
2.035853266716003418e-01
6.309882402420043945e-01
9.992852807044982910e-02
1.364027895078834263e-07
1.057511940598487854e-01
3.633209466934204102e-01
4.128363728523254395e-01
6.912717819213867188e-01
9.426627366337925196e-05
2.965638339519500732e-01
4.670480848290026188e-05
4.961091279983520508e-01
7.039898037910461426e-01
6.803274750709533691e-01
9.579458236694335938e-01
6.730233430862426758e-01
3.409433120395988226e-04
1.895684748888015747e-01
1.720509827136993408e-01
6.270874738693237305e-01
1.220733520312933251e-05
7.084363698959350586e-01
1.835394352674484253e-01
2.848406460784908001e-13
1.376876723746534026e-09
2.212650579167529941e-04
6.991978287696838379e-01
7.652284025622818620e-14
9.939020872116088867e-01
3.494508862495422363e-01
7.758138576008377640e-11
4.512298405170440674e-01
1.262257865164428949e-04
6.275502499192953110e-03
2.295015612617135048e-03
9.370487242046920962e-13
7.083427309989929199e-01
2.078666388988494873e-01
7.435805201530456543e-01
1.281194090843200684e-01
9.211880713701248169e-02
6.254584193229675293e-01
2.170030260458588600e-03
1.772463768720626831e-01
6.515001654624938965e-01
1.531587261706590652e-02
2.439554547891020775e-03
8.439546078443527222e-02
2.157914936542510986e-01
4.548201262950897217e-01
6.652312874794006348e-01
1.337217688560485840e-01
4.461481571197509766e-01
1.217166483402252197e-01
6.569421291351318359e-01
1.300454735755920410e-01
2.993561665221022849e-08
1.682415157556533813e-01
6.401675939559936523e-01
4.568992555141448975e-01
3.912039399147033691e-01
6.633109450340270996e-01
6.183275021612644196e-03
1.241632361370648141e-07
3.514533936977386475e-01
1.190924740512855351e-05
4.841587506234645844e-03
2.810358405113220215e-01
1.908527314662933350e-02
7.016997551545500755e-05
2.276006489992141724e-01
2.168525159358978271e-01
6.907201409339904785e-01
6.829643845558166504e-01
5.061687231063842773e-01
7.024031281471252441e-01
9.545040875673294067e-02
2.277983874082565308e-01
6.843694448471069336e-01
7.659364938735961914e-01
6.589938402175903320e-01
6.850938200950622559e-01
7.471918463706970215e-01
5.789351234852802008e-06
6.265441775321960449e-01
4.250462055206298828e-01
8.574493229389190674e-02
8.373665809631347656e-01
1.206876477226614952e-03
4.085368709638714790e-05
2.433208823204040527e-01
1.282746046781539917e-01
3.506950743030756712e-04
5.693677663803100586e-01
7.382224500179290771e-02
2.424061484873618610e-08
6.142320632934570312e-01
6.397576332092285156e-01
7.964235544204711914e-01
6.040692329406738281e-01
4.504144191741943359e-01
3.493845164775848389e-01
1.081178039312362671e-01
1.441411877009524112e-12
3.194915950298309326e-01
1.653490066528320312e-01
1.779939979314804077e-01
6.635692715644836426e-01
