5.930372148859544001e-01
5.925480769230768718e-01
5.932611311672683074e-01
5.939759036144578452e-01
5.946924004825090426e-01
5.954106280193236511e-01
5.961305925030230268e-01
5.968523002421307622e-01
5.975757575757575379e-01
5.983009708737864196e-01
5.990279465370594858e-01
5.997566909975668992e-01
6.004872107186357555e-01
6.012195121951219301e-01
6.019536019536019245e-01
6.026894865525672662e-01
6.034271725826193533e-01
6.041666666666666297e-01
6.049079754601226488e-01
6.056511056511056923e-01
6.063960639606396086e-01
6.071428571428570953e-01
6.078914919852034249e-01
6.086419753086419471e-01
6.093943139678615895e-01
6.101485148514851353e-01
6.109045848822800551e-01
6.116625310173697816e-01
6.124223602484472062e-01
6.131840796019900619e-01
6.139476961394769727e-01
6.147132169576059457e-01
6.154806491885143060e-01
6.162499999999999645e-01
6.157697121401751739e-01
6.165413533834586124e-01
6.173149309912170368e-01
6.180904522613065444e-01
6.188679245283018604e-01
6.196473551637279309e-01
6.204287515762925143e-01
6.199494949494949170e-01
6.207332490518331358e-01
6.215189873417721333e-01
6.223067173637515381e-01
6.218274111675127225e-01
6.226175349428207939e-01
6.234096692111958937e-01
6.242038216560509278e-01
6.250000000000000000e-01
6.257982120051085451e-01
6.265984654731457937e-01
6.274007682458386803e-01
6.282051282051281937e-01
6.290115532734275039e-01
6.298200514138817541e-01
6.306306306306306286e-01
6.314432989690721421e-01
6.322580645161289814e-01
6.330749354005168472e-01
6.338939197930142377e-01
6.347150259067357858e-01
6.355382619974059288e-01
6.363636363636363535e-01
6.371911573472041068e-01
6.380208333333333703e-01
6.388526727509777903e-01
6.396866840731070258e-01
6.405228758169934089e-01
6.413612565445026004e-01
6.422018348623853568e-01
6.430446194225721834e-01
6.438896189224704303e-01
6.447368421052631637e-01
6.455862977602108144e-01
6.464379947229551560e-01
6.472919418758256160e-01
6.481481481481481399e-01
6.490066225165562752e-01
6.498673740053050318e-01
6.507304116865869625e-01
6.515957446808510189e-01
6.524633821571238501e-01
6.520000000000000240e-01
6.528704939919892647e-01
6.537433155080213387e-01
6.546184738955823645e-01
6.554959785522788129e-01
6.563758389261744597e-01
6.572580645161290036e-01
6.581426648721400152e-01
6.590296495956873279e-01
6.599190283400809820e-01
6.608108108108108336e-01
6.617050067658998280e-01
6.626016260162601590e-01
6.635006784260515378e-01
6.644021739130434590e-01
6.653061224489795755e-01
6.662125340599455159e-01
6.671214188267394762e-01
6.680327868852459217e-01
6.689466484268126178e-01
6.698630136986301054e-01
6.707818930041152816e-01
6.703296703296702796e-01
6.712517193947730165e-01
6.721763085399449222e-01
6.731034482758621040e-01
6.740331491712707734e-01
6.749654218533887029e-01
6.759002770083102352e-01
6.768377253814147343e-01
6.763888888888889284e-01
6.773296244784422493e-01
6.768802228412256206e-01
6.778242677824267703e-01
6.787709497206704246e-01
6.797202797202797075e-01
6.806722689075630495e-01
6.816269284712482834e-01
6.825842696629212947e-01
6.835443037974683334e-01
6.845070422535211030e-01
6.854724964739069559e-01
6.864406779661016422e-01
6.874115983026873877e-01
6.883852691218130815e-01
6.893617021276595702e-01
6.903409090909090606e-01
6.913229018492176303e-01
6.923076923076922906e-01
6.918687589158345475e-01
6.928571428571428381e-01
6.938483547925607953e-01
6.948424068767908857e-01
6.958393113342897784e-01
6.968390804597701660e-01
6.978417266187050272e-01
6.988472622478386631e-01
6.998556998556998421e-01
7.008670520231213841e-01
7.018813314037626316e-01
7.014492753623188248e-01
7.024673439767779026e-01
7.034883720930232842e-01
7.045123726346433912e-01
7.055393586005831441e-01
7.065693430656934115e-01
7.076023391812865659e-01
7.086383601756954809e-01
7.082111436950146999e-01
7.092511013215858640e-01
7.088235294117647411e-01
7.098674521354934042e-01
7.109144542772861675e-01
7.119645494830132426e-01
7.130177514792899185e-01
7.140740740740740833e-01
7.136498516320475272e-01
7.147102526002971912e-01
7.157738095238095344e-01
7.168405365126676587e-01
7.179104477611940593e-01
7.189835575485800101e-01
7.200598802395209441e-01
7.211394302848576077e-01
7.222222222222222099e-01
7.233082706766916781e-01
7.243975903614457978e-01
7.254901960784313486e-01
7.265861027190332333e-01
7.261724659606656473e-01
7.272727272727272929e-01
7.283763277693474647e-01
7.294832826747720267e-01
7.290715372907153879e-01
7.301829268292683306e-01
7.312977099236641632e-01
7.324159021406727588e-01
7.335375191424196029e-01
7.346625766871165419e-01
7.342549923195084149e-01
7.353846153846154143e-01
7.365177195685670419e-01
7.376543209876542662e-01
7.372488408037094487e-01
7.383900928792569429e-01
7.395348837209302362e-01
7.391304347826086474e-01
7.402799377916018386e-01
7.414330218068535538e-01
7.425897035881435793e-01
7.437500000000000222e-01
7.449139280125195439e-01
7.445141065830721550e-01
7.456828885400313967e-01
7.468553459119496862e-01
7.480314960629921295e-01
7.492113564668769765e-01
7.503949447077409296e-01
7.515822784810126667e-01
7.527733755942948024e-01
7.539682539682539542e-01
7.535771065182830242e-01
7.531847133757961776e-01
7.543859649122807154e-01
7.555910543130990309e-01
7.568000000000000282e-01
7.580128205128204844e-01
7.576243980738363026e-01
7.588424437299035041e-01
7.600644122383253265e-01
7.612903225806451069e-01
7.625201938610662866e-01
7.637540453074433966e-01
7.649918962722852545e-01
7.662337662337662669e-01
7.674796747967479460e-01
7.687296416938110832e-01
7.699836867862969170e-01
7.712418300653595127e-01
7.725040916530278023e-01
7.721311475409835534e-01
7.717569786535303233e-01
7.730263157894736725e-01
7.742998352553541741e-01
7.739273927392739116e-01
7.752066115702479498e-01
7.764900662251655872e-01
7.777777777777777901e-01
7.790697674418605168e-01
7.803660565723793407e-01
7.816666666666666208e-01
7.829716193656093282e-01
7.842809364548495310e-01
7.839195979899497013e-01
7.852348993288590373e-01
7.865546218487394770e-01
7.878787878787878451e-01
7.892074198988195954e-01
7.905405405405405705e-01
7.901861252115058853e-01
7.915254237288135153e-01
7.911714770797962926e-01
7.925170068027210801e-01
7.938671209540033580e-01
7.952218430034129204e-01
7.948717948717948234e-01
7.962328767123287854e-01
7.958833619210977650e-01
7.972508591065292638e-01
7.969018932874354366e-01
7.982758620689655027e-01
7.996545768566494239e-01
8.010380622837369735e-01
8.024263431542461023e-01
8.020833333333333703e-01
8.017391304347826209e-01
8.013937282229964820e-01
8.027923211169284423e-01
8.041958041958041647e-01
8.056042031523642510e-01
8.052631578947367919e-01
8.066783831282952066e-01
8.080985915492957528e-01
8.095238095238095344e-01
8.109540636042402717e-01
8.106194690265486891e-01
8.120567375886524886e-01
8.134991119005328120e-01
8.131672597864768592e-01
8.128342245989305104e-01
8.142857142857142794e-01
8.139534883720930258e-01
8.154121863799282943e-01
8.168761220825853098e-01
8.165467625899280879e-01
8.180180180180179894e-01
8.176895306859205403e-01
8.173598553345389206e-01
8.170289855072463414e-01
8.166969147005445073e-01
8.181818181818182323e-01
8.178506375227686531e-01
8.193430656934306278e-01
8.208409506398537392e-01
8.223443223443223093e-01
8.220183486238532566e-01
8.235294117647058432e-01
8.232044198895027698e-01
8.247232472324723673e-01
8.262476894639556591e-01
8.277777777777777235e-01
8.293135435992579074e-01
8.308550185873605498e-01
8.305400372439478707e-01
8.302238805970149071e-01
8.317757009345794206e-01
8.333333333333333703e-01
8.330206378986866333e-01
8.345864661654135430e-01
8.361581920903954357e-01
8.377358490566038096e-01
8.393194706994329124e-01
8.409090909090909394e-01
8.425047438330171001e-01
8.422053231939163886e-01
8.419047619047619335e-01
8.416030534351145453e-01
8.413001912045888764e-01
8.429118773946360221e-01
8.445297504798464638e-01
8.442307692307692291e-01
8.439306358381503115e-01
8.436293436293436088e-01
8.433268858800773149e-01
8.449612403100774660e-01
8.446601941747572395e-01
8.443579766536964959e-01
8.440545808966861685e-01
8.437500000000000000e-01
8.454011741682974090e-01
8.450980392156862697e-01
8.447937131630648411e-01
8.444881889763780070e-01
8.441814595660749321e-01
8.438735177865612780e-01
8.435643564356435364e-01
8.452380952380952328e-01
8.469184890656064058e-01
8.486055776892430513e-01
8.483033932135728428e-01
8.499999999999999778e-01
8.496993987975951512e-01
8.514056224899598790e-01
8.531187122736418882e-01
8.528225806451612545e-01
8.545454545454544970e-01
8.562753036437247278e-01
8.580121703853955673e-01
8.577235772357723054e-01
8.594704684317718835e-01
8.612244897959183687e-01
8.609406952965235060e-01
8.627049180327869271e-01
8.644763860369609754e-01
8.662551440329218089e-01
8.680412371134020866e-01
8.698347107438016979e-01
8.695652173913043237e-01
8.713692946058091415e-01
8.711018711018710947e-01
8.729166666666666741e-01
8.747390396659707745e-01
8.744769874476987503e-01
8.742138364779874493e-01
8.739495798319327768e-01
8.736842105263158409e-01
8.755274261603375185e-01
8.773784355179704564e-01
8.771186440677966045e-01
8.789808917197452498e-01
8.808510638297872841e-01
8.805970149253731227e-01
8.803418803418803229e-01
8.800856531049250364e-01
8.798283261802575250e-01
8.817204301075268758e-01
8.814655172413793371e-01
8.812095032397407879e-01
8.809523809523809312e-01
8.828633405639912946e-01
8.826086956521739246e-01
8.823529411764705621e-01
8.842794759825327588e-01
8.862144420131291556e-01
8.859649122807017330e-01
8.879120879120878662e-01
8.898678414096916622e-01
8.918322295805739541e-01
8.915929203539822989e-01
8.913525498891352594e-01
8.911111111111110761e-01
8.908685968819599621e-01
8.906250000000000000e-01
8.926174496644295742e-01
8.923766816143497982e-01
8.921348314606741825e-01
8.918918918918918859e-01
8.916478555304739873e-01
8.914027149321267496e-01
8.911564625850340038e-01
8.909090909090908728e-01
8.906605922551252830e-01
8.926940639269406175e-01
8.924485125858123702e-01
8.922018348623853568e-01
8.919540229885057903e-01
8.917050691244239324e-01
8.914549653579676436e-01
8.912037037037037202e-01
8.909512761020881300e-01
8.906976744186047013e-01
8.904428904428904890e-01
8.901869158878504829e-01
8.899297423887587710e-01
8.896713615023473798e-01
8.894117647058823461e-01
8.915094339622641195e-01
8.912529550827422709e-01
8.933649289099525603e-01
8.931116389548693357e-01
8.952380952380952772e-01
8.949880668257756966e-01
8.947368421052631637e-01
8.944844124700239707e-01
8.942307692307692735e-01
8.939759036144577786e-01
8.937198067632849963e-01
8.934624697336561727e-01
8.932038834951456785e-01
8.929440389294404090e-01
8.926829268292683084e-01
8.924205378973104619e-01
8.921568627450980893e-01
8.943488943488943077e-01
8.940886699507388791e-01
8.938271604938271553e-01
8.935643564356435808e-01
8.933002481389578087e-01
8.930348258706467535e-01
8.927680798004987706e-01
8.924999999999999600e-01
8.922305764411027074e-01
8.919597989949749062e-01
8.942065491183879278e-01
8.939393939393939226e-01
8.936708860759493556e-01
8.959390862944162093e-01
8.982188295165394187e-01
8.979591836734693855e-01
8.976982097186700926e-01
8.974358974358974672e-01
8.971722365038560243e-01
8.969072164948453940e-01
8.966408268733849773e-01
8.963730569948186178e-01
8.987012987012986676e-01
9.010416666666666297e-01
9.033942558746735907e-01
9.057591623036649331e-01
9.055118110236219930e-01
9.052631578947368807e-01
9.050131926121371961e-01
9.074074074074074403e-01
9.071618037135278367e-01
9.069148936170212671e-01
9.066666666666666208e-01
9.064171122994651997e-01
9.061662198391421397e-01
9.059139784946236285e-01
9.056603773584905870e-01
9.081081081081081585e-01
9.078590785907859617e-01
9.076086956521739468e-01
9.100817438692098138e-01
9.098360655737705027e-01
9.095890410958904493e-01
9.093406593406593297e-01
9.118457300275482069e-01
9.143646408839779527e-01
9.168975069252077725e-01
9.194444444444443976e-01
9.192200557103064051e-01
9.189944134078211757e-01
9.187675070028010760e-01
9.185393258426965968e-01
9.183098591549295753e-01
9.180790960451977734e-01
9.178470254957507013e-01
9.176136363636363535e-01
9.173789173789174134e-01
9.171428571428571486e-01
9.169054441260745536e-01
9.166666666666666297e-01
9.164265129682996891e-01
9.161849710982659101e-01
9.159420289855072506e-01
9.186046511627906641e-01
9.183673469387755306e-01
9.181286549707602385e-01
9.208211143695014256e-01
9.235294117647059320e-01
9.233038348082596158e-01
9.230769230769231282e-01
9.228486646884273004e-01
9.226190476190476719e-01
9.223880597014925131e-01
9.251497005988024158e-01
9.249249249249249516e-01
9.246987951807228434e-01
9.244712990936555519e-01
9.242424242424241987e-01
9.240121580547112634e-01
9.237804878048780921e-01
9.235474006116207724e-01
9.233128834355828207e-01
9.230769230769231282e-01
9.228395061728394966e-01
9.226006191950464341e-01
9.223602484472049889e-01
9.221183800623052873e-01
9.250000000000000444e-01
9.247648902821317130e-01
9.276729559748427834e-01
9.274447949526813950e-01
9.272151898734176667e-01
9.269841269841270215e-01
9.267515923566879144e-01
9.265175718849840703e-01
9.262820512820513219e-01
9.260450160771703798e-01
9.258064516129032029e-01
9.255663430420711935e-01
9.253246753246753276e-01
9.250814332247556671e-01
9.248366013071895875e-01
9.245901639344262790e-01
9.243421052631578538e-01
9.240924092409240620e-01
9.238410596026490618e-01
9.235880398671096891e-01
9.233333333333333393e-01
9.230769230769231282e-01
9.228187919463086697e-01
9.225589225589225784e-01
9.222972972972972583e-01
9.220338983050847537e-01
9.217687074829932214e-01
9.215017064846416917e-01
9.246575342465753744e-01
9.243986254295533112e-01
9.241379310344827180e-01
9.238754325259516120e-01
9.236111111111111605e-01
9.233449477351916013e-01
9.230769230769231282e-01
9.228070175438596312e-01
9.225352112676056260e-01
9.222614840989399321e-01
9.219858156028368779e-01
9.217081850533808129e-01
9.214285714285713746e-01
9.247311827956988806e-01
9.244604316546762846e-01
9.241877256317689859e-01
9.239130434782608647e-01
9.272727272727272485e-01
9.270072992700729708e-01
9.267399267399267782e-01
9.301470588235294379e-01
9.298892988929888803e-01
9.333333333333333481e-01
9.330855018587360661e-01
9.328358208955224162e-01
9.325842696629212947e-01
9.323308270676691212e-01
9.320754716981132226e-01
9.318181818181817677e-01
9.315589353612167001e-01
9.312977099236641187e-01
9.310344827586206629e-01
9.307692307692307931e-01
9.305019305019305298e-01
9.302325581395348708e-01
9.299610894941634509e-01
9.335937500000000000e-01
9.333333333333333481e-01
9.370078740157480324e-01
9.367588932806324431e-01
9.365079365079365115e-01
9.362549800796812205e-01
9.399999999999999467e-01
9.437751004016063927e-01
9.435483870967742437e-01
9.433198380566801822e-01
9.430894308943089666e-01
9.469387755102041115e-01
9.467213114754098324e-01
9.465020576131687458e-01
9.462809917355371470e-01
9.460580912863070235e-01
9.458333333333333037e-01
9.456066945606694807e-01
9.453781512605041737e-01
9.451476793248945185e-01
9.449152542372881713e-01
9.446808510638298184e-01
9.444444444444444198e-01
9.442060085836909700e-01
9.439655172413793371e-01
9.437229437229437412e-01
9.434782608695652106e-01
9.432314410480349132e-01
9.429824561403509220e-01
9.427312775330396466e-01
9.424778761061947119e-01
9.422222222222221832e-01
9.419642857142856984e-01
9.417040358744395157e-01
9.414414414414414845e-01
9.411764705882352811e-01
9.409090909090909172e-01
9.406392694063926418e-01
9.403669724770642446e-01
9.400921658986175489e-01
9.398148148148147696e-01
9.395348837209301918e-01
9.392523364485981796e-01
9.389671361502347491e-01
9.386792452830188260e-01
9.383886255924170916e-01
9.380952380952380931e-01
9.377990430622009654e-01
9.423076923076922906e-01
9.420289855072463414e-01
9.417475728155340065e-01
9.414634146341462895e-01
9.411764705882352811e-01
9.408866995073891237e-01
9.455445544554454962e-01
9.452736318407960470e-01
9.449999999999999512e-01
9.447236180904522440e-01
9.444444444444444198e-01
9.441624365482234049e-01
9.438775510204081565e-01
9.487179487179486781e-01
9.484536082474226415e-01
9.481865284974093644e-01
9.479166666666666297e-01
9.476439790575915678e-01
9.473684210526315264e-01
9.470899470899470929e-01
9.521276595744680993e-01
9.518716577540107249e-01
9.569892473118279952e-01
9.567567567567567544e-01
9.565217391304348116e-01
9.562841530054644323e-01
9.560439560439560891e-01
9.558011049723756924e-01
9.555555555555556024e-01
9.553072625698324494e-01
9.550561797752809001e-01
9.548022598870056221e-01
9.545454545454545858e-01
9.542857142857142927e-01
9.540229885057470716e-01
9.537572254335260347e-01
9.534883720930232842e-01
9.532163742690058506e-01
9.529411764705881804e-01
9.526627218934911046e-01
9.523809523809523281e-01
9.520958083832334884e-01
9.518072289156626065e-01
9.515151515151515360e-01
9.512195121951219079e-01
9.509202453987729564e-01
9.506172839506172867e-01
9.503105590062111974e-01
9.499999999999999556e-01
9.496855345911949797e-01
9.493670886075948889e-01
9.490445859872611578e-01
9.487179487179486781e-01
9.483870967741935276e-01
9.480519480519480346e-01
9.477124183006535585e-01
9.473684210526315264e-01
9.470198675496688256e-01
9.466666666666666563e-01
9.463087248322147316e-01
9.459459459459459429e-01
9.455782312925170574e-01
9.452054794520547976e-01
9.448275862068965525e-01
9.444444444444444198e-01
9.440559440559440629e-01
9.436619718309858795e-01
9.432624113475177596e-01
9.428571428571428381e-01
9.424460431654676507e-01
9.420289855072463414e-01
9.416058394160583545e-01
9.411764705882352811e-01
9.407407407407407662e-01
9.402985074626866169e-01
9.398496240601503793e-01
9.393939393939394478e-01
9.389312977099236734e-01
9.384615384615384581e-01
9.379844961240310086e-01
9.375000000000000000e-01
9.370078740157480324e-01
9.365079365079365115e-01
9.360000000000000542e-01
9.354838709677418818e-01
9.349593495934959142e-01
9.344262295081967595e-01
9.338842975206611552e-01
9.333333333333333481e-01
9.327731092436974958e-01
9.322033898305084332e-01
9.316239316239316448e-01
9.310344827586206629e-01
9.304347826086956097e-01
9.298245614035087758e-01
9.292035398230088505e-01
9.285714285714286031e-01
9.369369369369369149e-01
9.363636363636363980e-01
9.357798165137615198e-01
9.351851851851852304e-01
9.345794392523364413e-01
9.339622641509434109e-01
9.333333333333333481e-01
9.326923076923077094e-01
9.320388349514563409e-01
9.313725490196078649e-01
9.306930693069307425e-01
9.300000000000000488e-01
9.292929292929292817e-01
9.285714285714286031e-01
9.278350515463917869e-01
9.270833333333333703e-01
9.263157894736842035e-01
9.255319148936169693e-01
9.247311827956988806e-01
9.239130434782608647e-01
9.230769230769231282e-01
9.222222222222222765e-01
9.213483146067416030e-01
9.204545454545454142e-01
9.310344827586206629e-01
9.302325581395348708e-01
9.294117647058823817e-01
9.285714285714286031e-01
9.277108433734939652e-01
9.268292682926829729e-01
9.259259259259259300e-01
9.250000000000000444e-01
9.240506329113924444e-01
9.230769230769231282e-01
9.220779220779220520e-01
9.210526315789473450e-01
9.200000000000000400e-01
9.324324324324324564e-01
9.452054794520547976e-01
9.583333333333333703e-01
9.718309859154929953e-01
9.857142857142857650e-01
9.855072463768116409e-01
9.852941176470588758e-01
9.850746268656715987e-01
9.848484848484848619e-01
9.846153846153846700e-01
9.843750000000000000e-01
9.841269841269840724e-01
9.838709677419354982e-01
9.836065573770491621e-01
9.833333333333332815e-01
9.830508474576271638e-01
9.827586206896551380e-01
9.824561403508771384e-01
9.821428571428570953e-01
9.818181818181818121e-01
9.814814814814815103e-01
9.811320754716981174e-01
9.807692307692307265e-01
9.803921568627450567e-01
9.799999999999999822e-01
9.795918367346938549e-01
9.791666666666666297e-01
9.787234042553191182e-01
9.782608695652174058e-01
9.777777777777777457e-01
9.772727272727272929e-01
9.767441860465115866e-01
9.761904761904761640e-01
9.756097560975609539e-01
9.749999999999999778e-01
9.743589743589743390e-01
9.736842105263158187e-01
9.729729729729730270e-01
9.722222222222222099e-01
9.714285714285714191e-01
9.705882352941176405e-01
9.696969696969697239e-01
9.687500000000000000e-01
9.677419354838709964e-01
9.666666666666666741e-01
1.000000000000000000e+00
1.000000000000000000e+00
1.000000000000000000e+00
1.000000000000000000e+00
1.000000000000000000e+00
1.000000000000000000e+00
1.000000000000000000e+00
1.000000000000000000e+00
1.000000000000000000e+00
1.000000000000000000e+00
1.000000000000000000e+00
1.000000000000000000e+00
1.000000000000000000e+00
1.000000000000000000e+00
1.000000000000000000e+00
1.000000000000000000e+00
1.000000000000000000e+00
1.000000000000000000e+00
1.000000000000000000e+00
1.000000000000000000e+00
1.000000000000000000e+00
1.000000000000000000e+00
1.000000000000000000e+00
1.000000000000000000e+00
1.000000000000000000e+00
1.000000000000000000e+00
1.000000000000000000e+00
1.000000000000000000e+00
1.000000000000000000e+00
1.000000000000000000e+00
