0.000000000000000000e+00
0.000000000000000000e+00
0.000000000000000000e+00
4.048582995951416829e-04
4.048582995951416829e-04
8.097165991902833659e-04
8.097165991902833659e-04
1.214574898785425157e-03
1.214574898785425157e-03
1.619433198380566732e-03
1.619433198380566732e-03
2.024291497975708523e-03
2.024291497975708523e-03
2.429149797570850314e-03
2.429149797570850314e-03
2.834008097165992106e-03
2.834008097165992106e-03
3.238866396761133463e-03
3.238866396761133463e-03
3.643724696356275255e-03
3.643724696356275255e-03
4.048582995951417046e-03
4.048582995951417046e-03
4.453441295546558404e-03
4.453441295546558404e-03
5.668016194331984212e-03
5.668016194331984212e-03
6.477732793522266927e-03
6.477732793522266927e-03
7.287449392712550510e-03
7.287449392712550510e-03
7.692307692307692735e-03
7.692307692307692735e-03
8.097165991902834092e-03
8.097165991902834092e-03
8.502024291497975450e-03
8.502024291497975450e-03
8.906882591093116808e-03
8.906882591093116808e-03
9.311740890688259900e-03
9.311740890688259900e-03
1.012145748987854262e-02
1.012145748987854262e-02
1.012145748987854262e-02
1.012145748987854262e-02
1.052631578947368397e-02
1.052631578947368397e-02
1.093117408906882533e-02
1.093117408906882533e-02
1.133603238866396842e-02
1.133603238866396842e-02
1.174089068825910978e-02
1.174089068825910978e-02
1.214574898785425114e-02
1.214574898785425114e-02
1.255060728744939250e-02
1.255060728744939250e-02
1.295546558704453385e-02
1.295546558704453385e-02
1.336032388663967695e-02
1.336032388663967695e-02
1.376518218623481830e-02
1.376518218623481830e-02
1.417004048582995966e-02
1.417004048582995966e-02
1.457489878542510102e-02
1.457489878542510102e-02
1.497975708502024238e-02
1.497975708502024238e-02
1.538461538461538547e-02
1.538461538461538547e-02
1.619433198380566818e-02
1.619433198380566818e-02
1.700404858299595090e-02
1.700404858299595090e-02
1.781376518218623362e-02
1.781376518218623362e-02
1.821862348178137497e-02
1.821862348178137497e-02
1.862348178137651980e-02
1.862348178137651980e-02
1.902834008097166116e-02
1.902834008097166116e-02
1.943319838056680252e-02
1.943319838056680252e-02
1.983805668016194387e-02
1.983805668016194387e-02
2.064777327935222659e-02
2.064777327935222659e-02
2.145748987854250930e-02
2.145748987854250930e-02
2.186234817813765066e-02
2.186234817813765066e-02
2.267206477732793685e-02
2.267206477732793685e-02
2.307692307692307820e-02
2.307692307692307820e-02
2.348178137651821956e-02
2.348178137651821956e-02
2.388663967611336092e-02
2.388663967611336092e-02
2.429149797570850228e-02
2.429149797570850228e-02
2.469635627530364363e-02
2.469635627530364363e-02
2.510121457489878499e-02
2.510121457489878499e-02
2.550607287449392635e-02
2.550607287449392635e-02
2.591093117408906771e-02
2.591093117408906771e-02
2.631578947368420907e-02
2.631578947368420907e-02
2.672064777327935389e-02
2.672064777327935389e-02
2.712550607287449525e-02
2.712550607287449525e-02
2.753036437246963661e-02
2.753036437246963661e-02
2.834008097165991932e-02
2.834008097165991932e-02
2.874493927125506068e-02
2.874493927125506068e-02
2.914979757085020204e-02
2.914979757085020204e-02
2.955465587044534340e-02
2.955465587044534340e-02
2.995951417004048475e-02
2.995951417004048475e-02
3.036437246963562611e-02
3.036437246963562611e-02
3.117408906882591230e-02
3.117408906882591230e-02
3.157894736842105365e-02
3.157894736842105365e-02
3.238866396761133637e-02
3.238866396761133637e-02
3.279352226720647773e-02
3.279352226720647773e-02
3.360323886639676044e-02
3.360323886639676044e-02
3.400809716599190180e-02
3.400809716599190180e-02
3.441295546558704316e-02
3.441295546558704316e-02
3.481781376518218452e-02
3.481781376518218452e-02
3.522267206477732587e-02
3.522267206477732587e-02
3.603238866396760859e-02
3.603238866396760859e-02
3.643724696356274995e-02
3.643724696356274995e-02
3.724696356275303960e-02
3.724696356275303960e-02
3.765182186234818096e-02
3.765182186234818096e-02
3.805668016194332232e-02
3.805668016194332232e-02
3.846153846153846367e-02
3.846153846153846367e-02
3.886639676113360503e-02
3.886639676113360503e-02
3.927125506072874639e-02
3.927125506072874639e-02
3.967611336032388775e-02
3.967611336032388775e-02
4.089068825910931182e-02
4.089068825910931182e-02
4.129554655870445318e-02
4.129554655870445318e-02
4.170040485829959453e-02
4.170040485829959453e-02
4.210526315789473589e-02
4.210526315789473589e-02
4.291497975708501861e-02
4.291497975708501861e-02
4.412955465587044268e-02
4.412955465587044268e-02
4.453441295546558404e-02
4.453441295546558404e-02
4.493927125506072540e-02
4.493927125506072540e-02
4.615384615384615641e-02
4.615384615384615641e-02
4.696356275303643912e-02
4.696356275303643912e-02
4.736842105263158048e-02
4.736842105263158048e-02
4.777327935222672184e-02
4.777327935222672184e-02
4.817813765182186320e-02
4.817813765182186320e-02
4.858299595141700455e-02
4.858299595141700455e-02
4.898785425101214591e-02
4.898785425101214591e-02
4.939271255060728727e-02
4.939271255060728727e-02
5.101214574898785270e-02
5.101214574898785270e-02
5.141700404858299406e-02
5.141700404858299406e-02
5.222672064777327677e-02
5.222672064777327677e-02
5.263157894736841813e-02
5.263157894736841813e-02
5.384615384615384914e-02
5.384615384615384914e-02
5.425101214574899050e-02
5.425101214574899050e-02
5.506072874493927322e-02
5.506072874493927322e-02
5.587044534412955593e-02
5.587044534412955593e-02
5.627530364372469729e-02
5.627530364372469729e-02
5.668016194331983865e-02
5.668016194331983865e-02
5.910931174089068679e-02
5.910931174089068679e-02
5.951417004048582815e-02
5.951417004048582815e-02
5.991902834008096951e-02
5.991902834008096951e-02
6.032388663967611087e-02
6.032388663967611087e-02
6.113360323886639358e-02
6.113360323886639358e-02
6.153846153846154188e-02
6.153846153846154188e-02
6.194331983805668324e-02
6.194331983805668324e-02
6.234817813765182459e-02
6.234817813765182459e-02
6.315789473684210731e-02
6.315789473684210731e-02
6.396761133603239002e-02
6.396761133603239002e-02
6.437246963562752444e-02
6.437246963562752444e-02
6.518218623481780716e-02
6.518218623481780716e-02
6.558704453441295545e-02
6.558704453441295545e-02
6.639676113360323817e-02
6.639676113360323817e-02
6.680161943319838647e-02
6.680161943319838647e-02
6.761133603238866918e-02
6.761133603238866918e-02
6.842105263157895190e-02
6.842105263157895190e-02
6.882591093117408632e-02
6.882591093117408632e-02
6.923076923076923461e-02
6.923076923076923461e-02
7.044534412955465175e-02
7.044534412955465175e-02
7.085020242914980004e-02
7.085020242914980004e-02
7.125506072874493446e-02
7.125506072874493446e-02
7.165991902834008276e-02
7.165991902834008276e-02
7.206477732793521718e-02
7.206477732793521718e-02
7.246963562753036547e-02
7.246963562753036547e-02
7.327935222672064819e-02
7.327935222672064819e-02
7.408906882591093090e-02
7.408906882591093090e-02
7.449392712550607920e-02
7.449392712550607920e-02
7.489878542510121362e-02
7.489878542510121362e-02
7.570850202429149634e-02
7.570850202429149634e-02
7.692307692307692735e-02
7.692307692307692735e-02
7.732793522267206177e-02
7.732793522267206177e-02
7.773279352226721006e-02
7.773279352226721006e-02
7.813765182186234448e-02
7.813765182186234448e-02
7.854251012145749278e-02
7.854251012145749278e-02
7.894736842105262720e-02
7.894736842105262720e-02
7.935222672064777549e-02
7.935222672064777549e-02
8.056680161943319263e-02
8.056680161943319263e-02
8.097165991902834092e-02
8.097165991902834092e-02
8.137651821862347534e-02
8.137651821862347534e-02
8.178137651821862364e-02
8.178137651821862364e-02
8.218623481781377194e-02
8.218623481781377194e-02
8.299595141700405465e-02
8.299595141700405465e-02
8.340080971659918907e-02
8.340080971659918907e-02
8.380566801619433737e-02
8.380566801619433737e-02
8.421052631578947179e-02
8.421052631578947179e-02
8.502024291497975450e-02
8.502024291497975450e-02
8.582995951417003722e-02
8.582995951417003722e-02
8.623481781376518551e-02
8.623481781376518551e-02
8.663967611336031993e-02
8.663967611336031993e-02
8.704453441295546823e-02
8.704453441295546823e-02
8.744939271255060265e-02
8.744939271255060265e-02
8.785425101214575094e-02
8.785425101214575094e-02
8.825910931174088536e-02
8.825910931174088536e-02
8.906882591093116808e-02
8.906882591093116808e-02
8.947368421052631637e-02
8.947368421052631637e-02
8.987854251012145079e-02
8.987854251012145079e-02
9.028340080971659909e-02
9.028340080971659909e-02
9.068825910931174739e-02
9.068825910931174739e-02
9.109311740890688180e-02
9.109311740890688180e-02
9.149797570850203010e-02
9.149797570850203010e-02
9.271255060728744724e-02
9.271255060728744724e-02
9.311740890688259553e-02
9.311740890688259553e-02
9.514170040485829538e-02
9.514170040485829538e-02
9.554655870445344368e-02
9.554655870445344368e-02
9.595141700404857810e-02
9.595141700404857810e-02
9.676113360323886081e-02
9.676113360323886081e-02
9.716599190283400911e-02
9.716599190283400911e-02
9.757085020242914353e-02
9.757085020242914353e-02
9.797570850202429182e-02
9.797570850202429182e-02
9.878542510121457454e-02
9.878542510121457454e-02
9.919028340080972284e-02
9.919028340080972284e-02
9.959514170040485725e-02
9.959514170040485725e-02
1.004048582995951400e-01
1.004048582995951400e-01
1.020242914979757054e-01
1.020242914979757054e-01
1.024291497975708537e-01
1.024291497975708537e-01
1.032388663967611364e-01
1.032388663967611364e-01
1.036437246963562708e-01
1.036437246963562708e-01
1.040485829959514191e-01
1.040485829959514191e-01
1.044534412955465535e-01
1.044534412955465535e-01
1.048582995951417018e-01
1.048582995951417018e-01
1.052631578947368363e-01
1.052631578947368363e-01
1.060728744939271190e-01
1.060728744939271190e-01
1.064777327935222673e-01
1.064777327935222673e-01
1.068825910931174156e-01
1.068825910931174156e-01
1.076923076923076983e-01
1.076923076923076983e-01
1.085020242914979810e-01
1.085020242914979810e-01
1.089068825910931154e-01
1.089068825910931154e-01
1.093117408906882637e-01
1.093117408906882637e-01
1.101214574898785464e-01
1.101214574898785464e-01
1.105263157894736809e-01
1.105263157894736809e-01
1.109311740890688291e-01
1.109311740890688291e-01
1.117408906882591119e-01
1.117408906882591119e-01
1.121457489878542463e-01
1.121457489878542463e-01
1.125506072874493946e-01
1.125506072874493946e-01
1.129554655870445290e-01
1.129554655870445290e-01
1.141700404858299600e-01
1.141700404858299600e-01
1.145748987854250944e-01
1.145748987854250944e-01
1.170040485829959565e-01
1.170040485829959565e-01
1.182186234817813736e-01
1.182186234817813736e-01
1.202429149797570873e-01
1.202429149797570873e-01
1.206477732793522217e-01
1.206477732793522217e-01
1.210526315789473700e-01
1.210526315789473700e-01
1.226720647773279355e-01
1.226720647773279355e-01
1.230769230769230838e-01
1.230769230769230838e-01
1.234817813765182182e-01
1.234817813765182182e-01
1.238866396761133665e-01
1.238866396761133665e-01
1.251012145748987836e-01
1.251012145748987836e-01
1.255060728744939180e-01
1.255060728744939180e-01
1.259109311740890802e-01
1.259109311740890802e-01
1.267206477732793490e-01
1.267206477732793490e-01
1.275303643724696456e-01
1.275303643724696456e-01
1.283400809716599145e-01
1.283400809716599145e-01
1.291497975708502111e-01
1.291497975708502111e-01
1.299595141700404799e-01
1.299595141700404799e-01
1.307692307692307765e-01
1.307692307692307765e-01
1.319838056680162075e-01
1.319838056680162075e-01
1.323886639676113419e-01
1.323886639676113419e-01
1.327935222672064763e-01
1.327935222672064763e-01
1.344129554655870418e-01
1.344129554655870418e-01
1.380566801619433071e-01
1.380566801619433071e-01
1.384615384615384692e-01
1.384615384615384692e-01
1.396761133603239002e-01
1.396761133603239002e-01
1.400809716599190347e-01
1.400809716599190347e-01
1.408906882591093035e-01
1.408906882591093035e-01
1.417004048582996001e-01
1.417004048582996001e-01
1.425101214574898689e-01
1.425101214574898689e-01
1.429149797570850311e-01
1.429149797570850311e-01
1.441295546558704344e-01
1.441295546558704344e-01
1.445344129554655965e-01
1.445344129554655965e-01
1.449392712550607309e-01
1.449392712550607309e-01
1.473684210526315652e-01
1.473684210526315652e-01
1.497975708502024272e-01
1.497975708502024272e-01
1.534412955465586925e-01
1.534412955465586925e-01
1.538461538461538547e-01
1.538461538461538547e-01
1.542510121457489891e-01
1.542510121457489891e-01
1.546558704453441235e-01
1.546558704453441235e-01
1.550607287449392580e-01
1.550607287449392580e-01
1.562753036437246890e-01
1.562753036437246890e-01
1.566801619433198511e-01
1.566801619433198511e-01
1.570850202429149856e-01
1.570850202429149856e-01
1.578947368421052544e-01
1.578947368421052544e-01
1.582995951417004166e-01
1.582995951417004166e-01
1.591093117408906854e-01
1.591093117408906854e-01
1.599190283400809820e-01
1.599190283400809820e-01
1.607287449392712508e-01
1.607287449392712508e-01
1.611336032388663853e-01
1.611336032388663853e-01
1.623481781376518163e-01
1.623481781376518163e-01
1.627530364372469507e-01
1.627530364372469507e-01
1.635627530364372473e-01
1.635627530364372473e-01
1.639676113360323817e-01
1.639676113360323817e-01
1.651821862348178127e-01
1.651821862348178127e-01
1.676113360323886747e-01
1.676113360323886747e-01
1.680161943319838092e-01
1.680161943319838092e-01
1.688259109311740780e-01
1.688259109311740780e-01
1.700404858299595090e-01
1.700404858299595090e-01
1.720647773279352089e-01
1.720647773279352089e-01
1.728744939271255054e-01
1.728744939271255054e-01
1.732793522267206399e-01
1.732793522267206399e-01
1.748987854251012053e-01
1.748987854251012053e-01
1.765182186234817707e-01
1.765182186234817707e-01
1.773279352226720673e-01
1.773279352226720673e-01
1.781376518218623362e-01
1.781376518218623362e-01
1.838056680161943290e-01
1.838056680161943290e-01
1.842105263157894635e-01
1.842105263157894635e-01
1.846153846153846256e-01
1.846153846153846256e-01
1.850202429149797601e-01
1.850202429149797601e-01
1.854251012145748945e-01
1.854251012145748945e-01
1.870445344129554599e-01
1.870445344129554599e-01
1.878542510121457565e-01
1.878542510121457565e-01
1.902834008097165908e-01
1.902834008097165908e-01
1.906882591093117529e-01
1.906882591093117529e-01
1.919028340080971562e-01
1.919028340080971562e-01
1.935222672064777216e-01
1.935222672064777216e-01
1.939271255060728838e-01
1.939271255060728838e-01
1.943319838056680182e-01
1.943319838056680182e-01
1.955465587044534492e-01
1.955465587044534492e-01
1.963562753036437181e-01
1.963562753036437181e-01
1.975708502024291491e-01
1.975708502024291491e-01
1.979757085020242835e-01
1.979757085020242835e-01
2.000000000000000111e-01
2.000000000000000111e-01
2.004048582995951455e-01
2.004048582995951455e-01
2.008097165991902799e-01
2.008097165991902799e-01
2.036437246963562764e-01
2.036437246963562764e-01
2.056680161943319762e-01
2.056680161943319762e-01
2.060728744939271384e-01
2.060728744939271384e-01
2.064777327935222728e-01
2.064777327935222728e-01
2.093117408906882693e-01
2.093117408906882693e-01
2.097165991902834037e-01
2.097165991902834037e-01
2.105263157894736725e-01
2.105263157894736725e-01
2.109311740890688347e-01
2.109311740890688347e-01
2.121457489878542380e-01
2.121457489878542380e-01
2.133603238866396690e-01
2.133603238866396690e-01
2.137651821862348311e-01
2.137651821862348311e-01
2.141700404858299656e-01
2.141700404858299656e-01
2.145748987854251000e-01
2.145748987854251000e-01
2.165991902834007998e-01
2.165991902834007998e-01
2.170040485829959620e-01
2.170040485829959620e-01
2.178137651821862308e-01
2.178137651821862308e-01
2.182186234817813653e-01
2.182186234817813653e-01
2.210526315789473617e-01
2.210526315789473617e-01
2.218623481781376583e-01
2.218623481781376583e-01
2.226720647773279271e-01
2.226720647773279271e-01
2.230769230769230893e-01
2.230769230769230893e-01
2.242914979757084926e-01
2.242914979757084926e-01
2.246963562753036547e-01
2.246963562753036547e-01
2.259109311740890580e-01
2.259109311740890580e-01
2.275303643724696234e-01
2.275303643724696234e-01
2.287449392712550544e-01
2.287449392712550544e-01
2.291497975708501889e-01
2.291497975708501889e-01
2.303643724696356199e-01
2.303643724696356199e-01
2.307692307692307820e-01
2.307692307692307820e-01
2.323886639676113475e-01
2.323886639676113475e-01
2.336032388663967507e-01
2.336032388663967507e-01
2.356275303643724783e-01
2.356275303643724783e-01
2.388663967611336092e-01
2.388663967611336092e-01
2.392712550607287436e-01
2.392712550607287436e-01
2.408906882591093090e-01
2.408906882591093090e-01
2.449392712550607365e-01
2.449392712550607365e-01
2.473684210526315708e-01
2.473684210526315708e-01
2.489878542510121362e-01
2.489878542510121362e-01
2.493927125506072984e-01
2.493927125506072984e-01
2.502024291497975672e-01
2.502024291497975672e-01
2.506072874493927016e-01
2.506072874493927016e-01
2.510121457489878360e-01
2.510121457489878360e-01
2.518218623481781604e-01
2.518218623481781604e-01
2.522267206477732948e-01
2.522267206477732948e-01
2.526315789473684292e-01
2.526315789473684292e-01
2.530364372469635637e-01
2.530364372469635637e-01
2.538461538461538325e-01
2.538461538461538325e-01
2.542510121457489669e-01
2.542510121457489669e-01
2.562753036437246945e-01
2.562753036437246945e-01
2.578947368421052877e-01
2.578947368421052877e-01
2.603238866396760942e-01
2.603238866396760942e-01
2.611336032388664186e-01
2.611336032388664186e-01
2.619433198380566874e-01
2.619433198380566874e-01
2.623481781376518218e-01
2.623481781376518218e-01
2.631578947368420907e-01
2.631578947368420907e-01
2.655870445344129527e-01
2.655870445344129527e-01
2.672064777327935459e-01
2.672064777327935459e-01
2.676113360323886803e-01
2.676113360323886803e-01
2.724696356275303488e-01
2.724696356275303488e-01
2.753036437246963453e-01
2.753036437246963453e-01
2.757085020242914797e-01
2.757085020242914797e-01
2.765182186234818040e-01
2.765182186234818040e-01
2.773279352226720729e-01
2.773279352226720729e-01
2.781376518218623417e-01
2.781376518218623417e-01
2.805668016194332037e-01
2.805668016194332037e-01
2.809716599190283381e-01
2.809716599190283381e-01
2.825910931174089313e-01
2.825910931174089313e-01
2.829959514170040658e-01
2.829959514170040658e-01
2.846153846153846034e-01
2.846153846153846034e-01
2.850202429149797378e-01
2.850202429149797378e-01
2.874493927125505999e-01
2.874493927125505999e-01
2.894736842105263275e-01
2.894736842105263275e-01
2.898785425101214619e-01
2.898785425101214619e-01
2.906882591093117307e-01
2.906882591093117307e-01
2.923076923076923239e-01
2.923076923076923239e-01
2.927125506072874583e-01
2.927125506072874583e-01
2.999999999999999889e-01
2.999999999999999889e-01
3.016194331983805821e-01
3.016194331983805821e-01
3.060728744939271162e-01
3.060728744939271162e-01
3.068825910931173850e-01
3.068825910931173850e-01
3.101214574898785159e-01
3.101214574898785159e-01
3.194331983805667741e-01
3.194331983805667741e-01
3.198380566801619640e-01
3.198380566801619640e-01
3.251012145748987670e-01
3.251012145748987670e-01
3.263157894736842257e-01
3.263157894736842257e-01
3.287449392712550877e-01
3.287449392712550877e-01
3.291497975708502222e-01
3.291497975708502222e-01
3.307692307692307598e-01
3.307692307692307598e-01
3.311740890688258943e-01
3.311740890688258943e-01
3.352226720647773495e-01
3.352226720647773495e-01
3.384615384615384803e-01
3.384615384615384803e-01
3.388663967611336147e-01
3.388663967611336147e-01
3.417004048582996112e-01
3.417004048582996112e-01
3.449392712550607420e-01
3.449392712550607420e-01
3.461538461538461453e-01
3.461538461538461453e-01
3.473684210526316041e-01
3.473684210526316041e-01
3.554655870445344035e-01
3.554655870445344035e-01
3.570850202429149967e-01
3.570850202429149967e-01
3.684210526315789269e-01
3.684210526315789269e-01
3.785425101214575094e-01
3.785425101214575094e-01
3.797570850202429127e-01
3.797570850202429127e-01
3.805668016194331815e-01
3.805668016194331815e-01
3.923076923076923017e-01
3.923076923076923017e-01
3.943319838056680293e-01
3.943319838056680293e-01
4.048582995951416907e-01
4.048582995951416907e-01
4.056680161943319596e-01
4.056680161943319596e-01
4.089068825910930904e-01
4.089068825910930904e-01
4.113360323886639525e-01
4.113360323886639525e-01
4.174089068825910798e-01
4.174089068825910798e-01
4.186234817813765385e-01
4.186234817813765385e-01
4.242914979757084759e-01
4.242914979757084759e-01
4.275303643724696623e-01
4.275303643724696623e-01
4.315789473684210620e-01
4.315789473684210620e-01
4.319838056680161964e-01
4.319838056680161964e-01
4.348178137651821928e-01
4.348178137651821928e-01
4.360323886639675961e-01
4.360323886639675961e-01
4.392712550607287270e-01
4.392712550607287270e-01
4.469635627530364475e-01
4.469635627530364475e-01
4.473684210526315819e-01
4.473684210526315819e-01
4.582995951417003777e-01
4.582995951417003777e-01
4.720647773279352255e-01
4.720647773279352255e-01
4.854251012145748834e-01
4.854251012145748834e-01
4.898785425101214730e-01
4.898785425101214730e-01
5.222672064777328371e-01
5.222672064777328371e-01
5.234817813765182404e-01
5.234817813765182404e-01
5.251012145748987781e-01
5.251012145748987781e-01
5.344129554655870917e-01
5.344129554655870917e-01
5.493927125506072873e-01
5.493927125506072873e-01
5.825910931174088647e-01
5.825910931174088647e-01
5.967611336032389024e-01
5.967611336032389024e-01
6.040485829959514330e-01
6.040485829959514330e-01
6.080971659919028882e-01
6.080971659919028882e-01
6.105263157894736947e-01
6.105263157894736947e-01
6.109311740890688291e-01
6.109311740890688291e-01
6.113360323886639636e-01
6.113360323886639636e-01
6.226720647773279493e-01
6.226720647773279493e-01
6.251012145748987558e-01
6.251012145748987558e-01
6.255060728744938903e-01
6.255060728744938903e-01
6.327935222672065319e-01
6.327935222672065319e-01
6.344129554655870695e-01
6.344129554655870695e-01
6.421052631578947345e-01
6.421052631578947345e-01
6.506072874493926683e-01
6.506072874493926683e-01
6.538461538461538547e-01
6.538461538461538547e-01
6.542510121457489891e-01
6.542510121457489891e-01
6.566801619433197956e-01
6.566801619433197956e-01
7.044534412955465452e-01
7.044534412955465452e-01
7.060728744939270829e-01
7.060728744939270829e-01
7.137651821862348589e-01
7.137651821862348589e-01
7.295546558704453233e-01
7.295546558704453233e-01
7.327935222672065096e-01
7.327935222672065096e-01
1.000000000000000000e+00
