0.000000000000000000e+00
4.048582995951416829e-04
4.089068825910931182e-02
4.089068825910931182e-02
5.748987854251012136e-02
5.748987854251012136e-02
6.072874493927125222e-02
6.072874493927125222e-02
8.704453441295546823e-02
8.704453441295546823e-02
1.020242914979757054e-01
1.020242914979757054e-01
2.210526315789473617e-01
2.210526315789473617e-01
2.230769230769230893e-01
2.230769230769230893e-01
2.291497975708501889e-01
2.291497975708501889e-01
2.323886639676113475e-01
2.323886639676113475e-01
2.631578947368420907e-01
2.631578947368420907e-01
2.757085020242914797e-01
2.757085020242914797e-01
2.761133603238866141e-01
2.761133603238866141e-01
2.805668016194332037e-01
2.805668016194332037e-01
2.983805668016194512e-01
2.983805668016194512e-01
3.004048582995951233e-01
3.004048582995951233e-01
3.020242914979757165e-01
3.020242914979757165e-01
3.036437246963562542e-01
3.036437246963562542e-01
3.040485829959514441e-01
3.040485829959514441e-01
3.186234817813765052e-01
3.186234817813765052e-01
3.388663967611336147e-01
3.388663967611336147e-01
3.704453441295546545e-01
3.712550607287449234e-01
4.121457489878542768e-01
4.121457489878542768e-01
4.182186234817814041e-01
4.182186234817814041e-01
4.202429149797570762e-01
4.202429149797570762e-01
4.206477732793522106e-01
4.206477732793522106e-01
4.279352226720647967e-01
4.279352226720647967e-01
4.299595141700404688e-01
4.299595141700404688e-01
4.360323886639675961e-01
4.360323886639675961e-01
4.449392712550607198e-01
4.449392712550607198e-01
4.453441295546558543e-01
4.453441295546558543e-01
4.461538461538461786e-01
4.461538461538461786e-01
4.465587044534413130e-01
4.465587044534413130e-01
4.469635627530364475e-01
4.469635627530364475e-01
4.485829959514169851e-01
4.485829959514169851e-01
4.493927125506073095e-01
4.493927125506073095e-01
4.497975708502024439e-01
4.497975708502024439e-01
4.502024291497975783e-01
4.502024291497975783e-01
4.506072874493927127e-01
4.506072874493927127e-01
4.570850202429149745e-01
4.570850202429149745e-01
4.659919028340080982e-01
4.659919028340080982e-01
4.692307692307692291e-01
4.692307692307692291e-01
4.704453441295546323e-01
4.704453441295546323e-01
4.761133603238866252e-01
4.761133603238866252e-01
4.765182186234817596e-01
4.765182186234817596e-01
4.777327935222672184e-01
4.777327935222672184e-01
4.781376518218623528e-01
4.781376518218623528e-01
4.874493927125506110e-01
4.874493927125506110e-01
4.890688259109311486e-01
4.890688259109311486e-01
4.910931174089068763e-01
4.910931174089068763e-01
4.914979757085020107e-01
4.914979757085020107e-01
4.975708502024291380e-01
4.975708502024291380e-01
5.028340080971659409e-01
5.028340080971659409e-01
5.052631578947368585e-01
5.052631578947368585e-01
5.226720647773279715e-01
5.226720647773279715e-01
5.307692307692307709e-01
5.307692307692307709e-01
5.315789473684210398e-01
5.315789473684210398e-01
5.319838056680161742e-01
5.319838056680161742e-01
5.336032388663967119e-01
5.336032388663967119e-01
5.340080971659919573e-01
5.340080971659919573e-01
5.376518218623481671e-01
5.376518218623481671e-01
5.449392712550606976e-01
5.449392712550606976e-01
5.502024291497975561e-01
5.502024291497975561e-01
5.603238866396761386e-01
5.603238866396761386e-01
5.643724696356274828e-01
5.643724696356274828e-01
5.672064777327935348e-01
5.672064777327935348e-01
5.684210526315789380e-01
5.684210526315789380e-01
5.724696356275303932e-01
5.724696356275303932e-01
5.736842105263157965e-01
5.736842105263157965e-01
5.744939271255060653e-01
5.744939271255060653e-01
5.781376518218623861e-01
5.781376518218623861e-01
5.898785425101215063e-01
5.898785425101215063e-01
5.910931174089069096e-01
5.910931174089069096e-01
5.935222672064777161e-01
5.935222672064777161e-01
6.052631578947368363e-01
6.052631578947368363e-01
6.060728744939271051e-01
6.060728744939271051e-01
6.275303643724696734e-01
6.275303643724696734e-01
6.344129554655870695e-01
6.344129554655870695e-01
6.368421052631578760e-01
6.368421052631578760e-01
6.392712550607287936e-01
6.392712550607287936e-01
6.461538461538461897e-01
6.461538461538461897e-01
6.469635627530364586e-01
6.469635627530364586e-01
6.582995951417004443e-01
6.582995951417004443e-01
6.623481781376517885e-01
6.623481781376517885e-01
6.663967611336032437e-01
6.663967611336032437e-01
6.668016194331983781e-01
6.668016194331983781e-01
6.716599190283401022e-01
6.716599190283401022e-01
6.817813765182185737e-01
6.817813765182185737e-01
6.838056680161943568e-01
6.838056680161943568e-01
6.866396761133602977e-01
6.866396761133602977e-01
6.870445344129554321e-01
6.870445344129554321e-01
6.874493927125505666e-01
6.874493927125505666e-01
6.878542510121457010e-01
6.878542510121457010e-01
6.931174089068825594e-01
6.931174089068825594e-01
6.951417004048583426e-01
6.951417004048583426e-01
6.971659919028340147e-01
6.971659919028340147e-01
6.975708502024291491e-01
6.975708502024291491e-01
6.983805668016194179e-01
6.983805668016194179e-01
6.991902834008096868e-01
6.991902834008096868e-01
7.004048582995950900e-01
7.004048582995950900e-01
7.008097165991903355e-01
7.008097165991903355e-01
7.016194331983806043e-01
7.016194331983806043e-01
7.028340080971660075e-01
7.028340080971660075e-01
7.044534412955465452e-01
7.044534412955465452e-01
7.048582995951416796e-01
7.048582995951416796e-01
7.097165991902834037e-01
7.097165991902834037e-01
7.105263157894736725e-01
7.105263157894736725e-01
7.109311740890688069e-01
7.109311740890688069e-01
7.113360323886639414e-01
7.113360323886639414e-01
7.117408906882590758e-01
7.117408906882590758e-01
7.121457489878542102e-01
7.121457489878542102e-01
7.125506072874493446e-01
7.125506072874493446e-01
7.133603238866397245e-01
7.133603238866397245e-01
7.174089068825910687e-01
7.174089068825910687e-01
7.194331983805668518e-01
7.194331983805668518e-01
7.202429149797571206e-01
7.202429149797571206e-01
7.214574898785425239e-01
7.214574898785425239e-01
7.226720647773279271e-01
7.226720647773279271e-01
7.259109311740891135e-01
7.259109311740891135e-01
7.287449392712550544e-01
7.287449392712550544e-01
7.315789473684211064e-01
7.315789473684211064e-01
7.323886639676113752e-01
7.323886639676113752e-01
7.368421052631578538e-01
7.368421052631578538e-01
7.388663967611336370e-01
7.388663967611336370e-01
7.392712550607287714e-01
7.392712550607287714e-01
7.396761133603239058e-01
7.396761133603239058e-01
7.404858299595141746e-01
7.404858299595141746e-01
7.433198380566801156e-01
7.433198380566801156e-01
7.453441295546558987e-01
7.453441295546558987e-01
7.457489878542510331e-01
7.457489878542510331e-01
7.461538461538461675e-01
7.461538461538461675e-01
7.469635627530364363e-01
7.469635627530364363e-01
7.477732793522267052e-01
7.477732793522267052e-01
7.485829959514169740e-01
7.485829959514169740e-01
7.506072874493927571e-01
7.506072874493927571e-01
7.526315789473684292e-01
7.526315789473684292e-01
7.538461538461538325e-01
7.538461538461538325e-01
7.558704453441295046e-01
7.558704453441295046e-01
7.562753036437247500e-01
7.562753036437247500e-01
7.582995951417004221e-01
7.582995951417004221e-01
7.599190283400809598e-01
7.599190283400809598e-01
7.623481781376518773e-01
7.623481781376518773e-01
7.676113360323886248e-01
7.676113360323886248e-01
7.684210526315788936e-01
7.684210526315788936e-01
7.700404858299595423e-01
7.700404858299595423e-01
7.724696356275303488e-01
7.724696356275303488e-01
7.728744939271254832e-01
7.728744939271254832e-01
7.761133603238866696e-01
7.761133603238866696e-01
7.769230769230769384e-01
7.769230769230769384e-01
7.773279352226720729e-01
7.773279352226720729e-01
7.809716599190283937e-01
7.809716599190283937e-01
7.838056680161943346e-01
7.838056680161943346e-01
7.842105263157894690e-01
7.842105263157894690e-01
7.850202429149797378e-01
7.850202429149797378e-01
7.854251012145748723e-01
7.854251012145748723e-01
7.870445344129555210e-01
7.870445344129555210e-01
7.878542510121457898e-01
7.878542510121457898e-01
7.882591093117409242e-01
7.882591093117409242e-01
7.890688259109311931e-01
7.890688259109311931e-01
7.955465587044534548e-01
7.955465587044534548e-01
7.959514170040485892e-01
7.959514170040485892e-01
7.987854251012145301e-01
7.987854251012145301e-01
7.991902834008096645e-01
7.991902834008096645e-01
7.995951417004049100e-01
7.995951417004049100e-01
8.016194331983805821e-01
8.016194331983805821e-01
8.048582995951416574e-01
8.048582995951416574e-01
8.052631578947367919e-01
8.052631578947367919e-01
8.089068825910931126e-01
8.089068825910931126e-01
8.113360323886639192e-01
8.113360323886639192e-01
8.153846153846153744e-01
8.153846153846153744e-01
8.174089068825910465e-01
8.174089068825910465e-01
8.178137651821861809e-01
8.178137651821861809e-01
8.182186234817814263e-01
8.182186234817814263e-01
8.186234817813765607e-01
8.186234817813765607e-01
8.206477732793522328e-01
8.206477732793522328e-01
8.222672064777327705e-01
8.222672064777327705e-01
8.230769230769230393e-01
8.230769230769230393e-01
8.234817813765181738e-01
8.234817813765181738e-01
8.255060728744939569e-01
8.255060728744939569e-01
8.283400809716598978e-01
8.283400809716598978e-01
8.307692307692308153e-01
8.307692307692308153e-01
8.331983805668016219e-01
8.331983805668016219e-01
8.348178137651821595e-01
8.348178137651821595e-01
8.352226720647772940e-01
8.352226720647772940e-01
8.364372469635628082e-01
8.364372469635628082e-01
8.376518218623482115e-01
8.376518218623482115e-01
8.380566801619433459e-01
8.380566801619433459e-01
8.384615384615384803e-01
8.384615384615384803e-01
8.404858299595141524e-01
8.404858299595141524e-01
8.421052631578946901e-01
8.421052631578946901e-01
8.425101214574898245e-01
8.425101214574898245e-01
8.429149797570850700e-01
8.429149797570850700e-01
8.433198380566802044e-01
8.433198380566802044e-01
8.449392712550607420e-01
8.449392712550607420e-01
8.481781376518218174e-01
8.481781376518218174e-01
8.485829959514169518e-01
8.485829959514169518e-01
8.489878542510121973e-01
8.489878542510121973e-01
8.502024291497976005e-01
8.502024291497976005e-01
8.506072874493927349e-01
8.506072874493927349e-01
8.510121457489878694e-01
8.510121457489878694e-01
8.514170040485830038e-01
8.514170040485830038e-01
8.518218623481781382e-01
8.518218623481781382e-01
8.522267206477732726e-01
8.522267206477732726e-01
8.530364372469635414e-01
8.530364372469635414e-01
8.542510121457489447e-01
8.542510121457489447e-01
8.546558704453440791e-01
8.546558704453440791e-01
8.554655870445344590e-01
8.554655870445344590e-01
8.570850202429149967e-01
8.570850202429149967e-01
8.574898785425101311e-01
8.574898785425101311e-01
8.587044534412955343e-01
8.587044534412955343e-01
8.591093117408906688e-01
8.591093117408906688e-01
8.599190283400809376e-01
8.599190283400809376e-01
8.603238866396760720e-01
8.603238866396760720e-01
8.607287449392712064e-01
8.607287449392712064e-01
8.619433198380567207e-01
8.619433198380567207e-01
8.627530364372469895e-01
8.627530364372469895e-01
8.631578947368421240e-01
8.631578947368421240e-01
8.651821862348177961e-01
8.651821862348177961e-01
8.655870445344129305e-01
8.655870445344129305e-01
8.659919028340080649e-01
8.659919028340080649e-01
8.684210526315789824e-01
8.684210526315789824e-01
8.692307692307692513e-01
8.692307692307692513e-01
8.696356275303643857e-01
8.696356275303643857e-01
8.704453441295546545e-01
8.704453441295546545e-01
8.724696356275303266e-01
8.724696356275303266e-01
8.728744939271254610e-01
8.728744939271254610e-01
8.732793522267205955e-01
8.732793522267205955e-01
8.736842105263158409e-01
8.736842105263158409e-01
8.740890688259109753e-01
8.740890688259109753e-01
8.744939271255061097e-01
8.744939271255061097e-01
8.748987854251012442e-01
8.748987854251012442e-01
8.757085020242915130e-01
8.757085020242915130e-01
8.761133603238866474e-01
8.761133603238866474e-01
8.765182186234817818e-01
8.765182186234817818e-01
8.769230769230769162e-01
8.769230769230769162e-01
8.773279352226720507e-01
8.773279352226720507e-01
8.777327935222671851e-01
8.777327935222671851e-01
8.781376518218623195e-01
8.781376518218623195e-01
8.785425101214574539e-01
8.785425101214574539e-01
8.793522267206477228e-01
8.793522267206477228e-01
8.805668016194332370e-01
8.805668016194332370e-01
8.821862348178137747e-01
8.821862348178137747e-01
8.825910931174089091e-01
8.825910931174089091e-01
8.834008097165991780e-01
8.834008097165991780e-01
8.838056680161943124e-01
8.838056680161943124e-01
8.846153846153845812e-01
8.846153846153845812e-01
8.858299595141700955e-01
8.858299595141700955e-01
8.862348178137652299e-01
8.862348178137652299e-01
8.874493927125506332e-01
8.874493927125506332e-01
8.878542510121457676e-01
8.878542510121457676e-01
8.882591093117409020e-01
8.882591093117409020e-01
8.886639676113360364e-01
8.886639676113360364e-01
8.898785425101214397e-01
8.898785425101214397e-01
8.902834008097165741e-01
8.902834008097165741e-01
8.906882591093117085e-01
8.906882591093117085e-01
8.914979757085019774e-01
8.914979757085019774e-01
8.919028340080971118e-01
8.919028340080971118e-01
8.923076923076923572e-01
8.923076923076923572e-01
8.931174089068826261e-01
8.931174089068826261e-01
8.935222672064777605e-01
8.935222672064777605e-01
8.939271255060728949e-01
8.939271255060728949e-01
8.943319838056680293e-01
8.943319838056680293e-01
8.951417004048582982e-01
8.951417004048582982e-01
8.963562753036437014e-01
8.963562753036437014e-01
8.967611336032388358e-01
8.967611336032388358e-01
8.971659919028339703e-01
8.971659919028339703e-01
8.975708502024291047e-01
8.975708502024291047e-01
8.979757085020242391e-01
8.979757085020242391e-01
8.983805668016194845e-01
8.983805668016194845e-01
9.004048582995951566e-01
9.004048582995951566e-01
9.008097165991902910e-01
9.008097165991902910e-01
9.028340080971659631e-01
9.028340080971659631e-01
9.032388663967610976e-01
9.032388663967610976e-01
9.036437246963562320e-01
9.036437246963562320e-01
9.040485829959513664e-01
9.040485829959513664e-01
9.044534412955466118e-01
9.044534412955466118e-01
9.048582995951417463e-01
9.048582995951417463e-01
9.052631578947368807e-01
9.052631578947368807e-01
9.056680161943320151e-01
9.056680161943320151e-01
9.064777327935222839e-01
9.064777327935222839e-01
9.068825910931174183e-01
9.068825910931174183e-01
9.076923076923076872e-01
9.076923076923076872e-01
9.085020242914979560e-01
9.085020242914979560e-01
9.089068825910930904e-01
9.089068825910930904e-01
9.093117408906882249e-01
9.093117408906882249e-01
9.101214574898784937e-01
9.101214574898784937e-01
9.109311740890688736e-01
9.109311740890688736e-01
9.113360323886640080e-01
9.113360323886640080e-01
9.117408906882591424e-01
9.117408906882591424e-01
9.129554655870445457e-01
9.129554655870445457e-01
9.137651821862348145e-01
9.137651821862348145e-01
9.141700404858299489e-01
9.141700404858299489e-01
9.149797570850202177e-01
9.149797570850202177e-01
9.153846153846153522e-01
9.153846153846153522e-01
9.174089068825911353e-01
9.174089068825911353e-01
9.178137651821862697e-01
9.178137651821862697e-01
9.182186234817814041e-01
9.182186234817814041e-01
9.186234817813765385e-01
9.186234817813765385e-01
9.194331983805668074e-01
9.194331983805668074e-01
9.202429149797570762e-01
9.202429149797570762e-01
9.210526315789473450e-01
9.210526315789473450e-01
9.222672064777327483e-01
9.222672064777327483e-01
9.226720647773278827e-01
9.226720647773278827e-01
9.246963562753036658e-01
9.246963562753036658e-01
9.255060728744939347e-01
9.255060728744939347e-01
9.259109311740890691e-01
9.259109311740890691e-01
9.263157894736842035e-01
9.263157894736842035e-01
9.283400809716598756e-01
9.283400809716598756e-01
9.287449392712550100e-01
9.287449392712550100e-01
9.291497975708502555e-01
9.291497975708502555e-01
9.295546558704453899e-01
9.295546558704453899e-01
9.299595141700405243e-01
9.299595141700405243e-01
9.303643724696356587e-01
9.303643724696356587e-01
9.307692307692307931e-01
9.307692307692307931e-01
9.311740890688259276e-01
9.311740890688259276e-01
9.315789473684210620e-01
9.315789473684210620e-01
9.319838056680161964e-01
9.319838056680161964e-01
9.327935222672064652e-01
9.327935222672064652e-01
9.331983805668015997e-01
9.331983805668015997e-01
9.336032388663967341e-01
9.336032388663967341e-01
9.340080971659918685e-01
9.340080971659918685e-01
9.344129554655870029e-01
9.344129554655870029e-01
9.352226720647773828e-01
9.352226720647773828e-01
9.356275303643725172e-01
9.356275303643725172e-01
9.360323886639676516e-01
9.360323886639676516e-01
9.372469635627530549e-01
9.372469635627530549e-01
9.376518218623481893e-01
9.376518218623481893e-01
9.384615384615384581e-01
9.384615384615384581e-01
9.396761133603238614e-01
9.396761133603238614e-01
9.408906882591092646e-01
9.408906882591092646e-01
9.412955465587043991e-01
9.412955465587043991e-01
9.417004048582996445e-01
9.417004048582996445e-01
9.421052631578947789e-01
9.421052631578947789e-01
9.425101214574899133e-01
9.425101214574899133e-01
9.429149797570850478e-01
9.429149797570850478e-01
9.445344129554655854e-01
9.445344129554655854e-01
9.453441295546558543e-01
9.453441295546558543e-01
9.457489878542509887e-01
9.457489878542509887e-01
9.461538461538461231e-01
9.461538461538461231e-01
9.469635627530363919e-01
9.469635627530363919e-01
9.473684210526315264e-01
9.473684210526315264e-01
9.477732793522267718e-01
9.477732793522267718e-01
9.493927125506073095e-01
9.493927125506073095e-01
9.497975708502024439e-01
9.497975708502024439e-01
9.506072874493927127e-01
9.506072874493927127e-01
9.510121457489878471e-01
9.510121457489878471e-01
9.522267206477732504e-01
9.522267206477732504e-01
9.526315789473683848e-01
9.526315789473683848e-01
9.530364372469635192e-01
9.530364372469635192e-01
9.534412955465586537e-01
9.534412955465586537e-01
9.546558704453441679e-01
9.546558704453441679e-01
9.550607287449393024e-01
9.550607287449393024e-01
9.554655870445344368e-01
9.554655870445344368e-01
9.562753036437247056e-01
9.562753036437247056e-01
9.566801619433198400e-01
9.566801619433198400e-01
9.587044534412955121e-01
9.587044534412955121e-01
9.595141700404857810e-01
9.595141700404857810e-01
9.599190283400810264e-01
9.599190283400810264e-01
9.603238866396761608e-01
9.603238866396761608e-01
9.611336032388664297e-01
9.611336032388664297e-01
9.615384615384615641e-01
9.615384615384615641e-01
9.619433198380566985e-01
9.619433198380566985e-01
9.623481781376518329e-01
9.623481781376518329e-01
9.627530364372469673e-01
9.627530364372469673e-01
9.631578947368421018e-01
9.631578947368421018e-01
9.635627530364372362e-01
9.635627530364372362e-01
9.643724696356275050e-01
9.643724696356275050e-01
9.647773279352226394e-01
9.647773279352226394e-01
9.651821862348177739e-01
9.651821862348177739e-01
9.659919028340080427e-01
9.659919028340080427e-01
9.663967611336032881e-01
9.663967611336032881e-01
9.668016194331984225e-01
9.668016194331984225e-01
9.672064777327935570e-01
9.672064777327935570e-01
9.676113360323886914e-01
9.676113360323886914e-01
9.692307692307692291e-01
9.692307692307692291e-01
9.700404858299594979e-01
9.700404858299594979e-01
9.704453441295546323e-01
9.704453441295546323e-01
9.708502024291497667e-01
9.708502024291497667e-01
9.712550607287449012e-01
9.712550607287449012e-01
9.716599190283400356e-01
9.716599190283400356e-01
9.720647773279351700e-01
9.720647773279351700e-01
9.724696356275304154e-01
9.724696356275304154e-01
9.728744939271255499e-01
9.728744939271255499e-01
9.732793522267206843e-01
9.732793522267206843e-01
9.736842105263158187e-01
9.736842105263158187e-01
9.740890688259109531e-01
9.740890688259109531e-01
9.744939271255060875e-01
9.744939271255060875e-01
9.748987854251012219e-01
9.748987854251012219e-01
9.753036437246963564e-01
9.753036437246963564e-01
9.757085020242914908e-01
9.757085020242914908e-01
9.761133603238866252e-01
9.761133603238866252e-01
9.765182186234817596e-01
9.765182186234817596e-01
9.769230769230768940e-01
9.769230769230768940e-01
9.773279352226720285e-01
9.773279352226720285e-01
9.777327935222671629e-01
9.777327935222671629e-01
9.781376518218622973e-01
9.781376518218622973e-01
9.785425101214575427e-01
9.785425101214575427e-01
9.793522267206478116e-01
9.793522267206478116e-01
9.797570850202429460e-01
9.797570850202429460e-01
9.801619433198380804e-01
9.801619433198380804e-01
9.805668016194332148e-01
9.805668016194332148e-01
9.809716599190283493e-01
9.809716599190283493e-01
9.813765182186234837e-01
9.813765182186234837e-01
9.817813765182186181e-01
9.817813765182186181e-01
9.821862348178137525e-01
9.821862348178137525e-01
9.825910931174088869e-01
9.825910931174088869e-01
9.829959514170040213e-01
9.829959514170040213e-01
9.834008097165991558e-01
9.834008097165991558e-01
9.838056680161942902e-01
9.838056680161942902e-01
9.842105263157894246e-01
9.842105263157894246e-01
9.846153846153846700e-01
9.846153846153846700e-01
9.850202429149798045e-01
9.850202429149798045e-01
9.858299595141700733e-01
9.858299595141700733e-01
9.862348178137652077e-01
9.862348178137652077e-01
9.866396761133603421e-01
9.866396761133603421e-01
9.874493927125506110e-01
9.874493927125506110e-01
9.878542510121457454e-01
9.878542510121457454e-01
9.882591093117408798e-01
9.882591093117408798e-01
9.886639676113360142e-01
9.886639676113360142e-01
9.890688259109311486e-01
9.890688259109311486e-01
9.894736842105262831e-01
9.894736842105262831e-01
9.898785425101214175e-01
9.898785425101214175e-01
9.902834008097165519e-01
9.902834008097165519e-01
9.906882591093116863e-01
9.906882591093116863e-01
9.910931174089069318e-01
9.910931174089069318e-01
9.914979757085020662e-01
9.914979757085020662e-01
9.919028340080972006e-01
9.919028340080972006e-01
9.923076923076923350e-01
9.923076923076923350e-01
9.927125506072874694e-01
9.927125506072874694e-01
9.931174089068826039e-01
9.931174089068826039e-01
9.935222672064777383e-01
9.935222672064777383e-01
9.947368421052631415e-01
9.947368421052631415e-01
9.951417004048582760e-01
9.951417004048582760e-01
9.955465587044534104e-01
9.955465587044534104e-01
9.963562753036436792e-01
9.963562753036436792e-01
9.967611336032388136e-01
9.967611336032388136e-01
9.971659919028340591e-01
9.971659919028340591e-01
9.979757085020243279e-01
9.979757085020243279e-01
9.983805668016194623e-01
9.983805668016194623e-01
9.987854251012145967e-01
9.987854251012145967e-01
9.991902834008097312e-01
9.991902834008097312e-01
9.995951417004048656e-01
9.995951417004048656e-01
1.000000000000000000e+00
1.000000000000000000e+00
