0.000000000000000000e+00
4.453441295546558404e-03
5.668016194331984212e-03
6.882591093117409152e-03
7.287449392712550510e-03
8.097165991902834092e-03
8.097165991902834092e-03
8.097165991902834092e-03
8.502024291497975450e-03
8.502024291497975450e-03
8.906882591093116808e-03
8.906882591093116808e-03
9.311740890688259900e-03
9.311740890688259900e-03
9.311740890688259900e-03
9.311740890688259900e-03
9.311740890688259900e-03
9.311740890688259900e-03
9.311740890688259900e-03
9.716599190283401258e-03
9.716599190283401258e-03
1.012145748987854262e-02
1.012145748987854262e-02
1.012145748987854262e-02
1.012145748987854262e-02
1.012145748987854262e-02
1.052631578947368397e-02
1.093117408906882533e-02
1.133603238866396842e-02
1.133603238866396842e-02
1.133603238866396842e-02
1.133603238866396842e-02
1.133603238866396842e-02
1.133603238866396842e-02
1.133603238866396842e-02
1.133603238866396842e-02
1.133603238866396842e-02
1.133603238866396842e-02
1.133603238866396842e-02
1.133603238866396842e-02
1.133603238866396842e-02
1.133603238866396842e-02
1.133603238866396842e-02
1.174089068825910978e-02
1.174089068825910978e-02
1.174089068825910978e-02
1.174089068825910978e-02
1.214574898785425114e-02
1.214574898785425114e-02
1.255060728744939250e-02
1.255060728744939250e-02
1.255060728744939250e-02
1.255060728744939250e-02
1.295546558704453385e-02
1.295546558704453385e-02
1.295546558704453385e-02
1.295546558704453385e-02
1.336032388663967695e-02
1.336032388663967695e-02
1.336032388663967695e-02
1.336032388663967695e-02
1.336032388663967695e-02
1.336032388663967695e-02
1.376518218623481830e-02
1.376518218623481830e-02
1.417004048582995966e-02
1.417004048582995966e-02
1.457489878542510102e-02
1.457489878542510102e-02
1.457489878542510102e-02
1.457489878542510102e-02
1.457489878542510102e-02
1.457489878542510102e-02
1.497975708502024238e-02
1.497975708502024238e-02
1.497975708502024238e-02
1.497975708502024238e-02
1.538461538461538547e-02
1.538461538461538547e-02
1.538461538461538547e-02
1.538461538461538547e-02
1.538461538461538547e-02
1.538461538461538547e-02
1.578947368421052683e-02
1.578947368421052683e-02
1.578947368421052683e-02
1.619433198380566818e-02
1.619433198380566818e-02
1.619433198380566818e-02
1.619433198380566818e-02
1.700404858299595090e-02
1.700404858299595090e-02
1.740890688259109226e-02
1.740890688259109226e-02
1.740890688259109226e-02
1.740890688259109226e-02
1.740890688259109226e-02
1.740890688259109226e-02
1.781376518218623362e-02
1.781376518218623362e-02
1.781376518218623362e-02
1.781376518218623362e-02
1.821862348178137497e-02
1.821862348178137497e-02
1.862348178137651980e-02
1.862348178137651980e-02
1.902834008097166116e-02
1.902834008097166116e-02
1.943319838056680252e-02
1.943319838056680252e-02
1.943319838056680252e-02
1.943319838056680252e-02
1.943319838056680252e-02
1.943319838056680252e-02
1.983805668016194387e-02
1.983805668016194387e-02
2.024291497975708523e-02
2.024291497975708523e-02
2.064777327935222659e-02
2.064777327935222659e-02
2.105263157894736795e-02
2.105263157894736795e-02
2.186234817813765066e-02
2.186234817813765066e-02
2.267206477732793685e-02
2.267206477732793685e-02
2.307692307692307820e-02
2.307692307692307820e-02
2.307692307692307820e-02
2.307692307692307820e-02
2.348178137651821956e-02
2.348178137651821956e-02
2.388663967611336092e-02
2.388663967611336092e-02
2.429149797570850228e-02
2.429149797570850228e-02
2.469635627530364363e-02
2.469635627530364363e-02
2.510121457489878499e-02
2.510121457489878499e-02
2.550607287449392635e-02
2.550607287449392635e-02
2.591093117408906771e-02
2.591093117408906771e-02
2.631578947368420907e-02
2.631578947368420907e-02
2.672064777327935389e-02
2.672064777327935389e-02
2.712550607287449525e-02
2.712550607287449525e-02
2.753036437246963661e-02
2.753036437246963661e-02
2.793522267206477797e-02
2.793522267206477797e-02
2.834008097165991932e-02
2.834008097165991932e-02
2.834008097165991932e-02
2.834008097165991932e-02
2.874493927125506068e-02
2.874493927125506068e-02
2.914979757085020204e-02
2.914979757085020204e-02
2.995951417004048475e-02
2.995951417004048475e-02
3.036437246963562611e-02
3.036437246963562611e-02
3.076923076923077094e-02
3.076923076923077094e-02
3.117408906882591230e-02
3.117408906882591230e-02
3.157894736842105365e-02
3.157894736842105365e-02
3.198380566801619501e-02
3.198380566801619501e-02
3.238866396761133637e-02
3.238866396761133637e-02
3.279352226720647773e-02
3.279352226720647773e-02
3.360323886639676044e-02
3.360323886639676044e-02
3.400809716599190180e-02
3.400809716599190180e-02
3.441295546558704316e-02
3.441295546558704316e-02
3.481781376518218452e-02
3.481781376518218452e-02
3.522267206477732587e-02
3.522267206477732587e-02
3.562753036437246723e-02
3.562753036437246723e-02
3.603238866396760859e-02
3.603238866396760859e-02
3.643724696356274995e-02
3.643724696356274995e-02
3.684210526315789130e-02
3.684210526315789130e-02
3.724696356275303960e-02
3.724696356275303960e-02
3.805668016194332232e-02
3.805668016194332232e-02
3.846153846153846367e-02
3.846153846153846367e-02
3.886639676113360503e-02
3.886639676113360503e-02
3.927125506072874639e-02
3.927125506072874639e-02
3.967611336032388775e-02
3.967611336032388775e-02
4.008097165991902910e-02
4.008097165991902910e-02
4.048582995951417046e-02
4.048582995951417046e-02
4.089068825910931182e-02
4.089068825910931182e-02
4.170040485829959453e-02
4.170040485829959453e-02
4.251012145748987725e-02
4.251012145748987725e-02
4.291497975708501861e-02
4.291497975708501861e-02
4.331983805668015997e-02
4.331983805668015997e-02
4.372469635627530132e-02
4.372469635627530132e-02
4.412955465587044268e-02
4.412955465587044268e-02
4.453441295546558404e-02
4.453441295546558404e-02
4.534412955465587369e-02
4.534412955465587369e-02
4.574898785425101505e-02
4.574898785425101505e-02
4.615384615384615641e-02
4.615384615384615641e-02
4.655870445344129777e-02
4.655870445344129777e-02
4.736842105263158048e-02
4.736842105263158048e-02
4.736842105263158048e-02
4.736842105263158048e-02
4.817813765182186320e-02
4.817813765182186320e-02
4.858299595141700455e-02
4.858299595141700455e-02
4.898785425101214591e-02
4.898785425101214591e-02
4.979757085020242863e-02
4.979757085020242863e-02
5.020242914979756998e-02
5.020242914979756998e-02
5.060728744939271134e-02
5.060728744939271134e-02
5.101214574898785270e-02
5.101214574898785270e-02
5.141700404858299406e-02
5.141700404858299406e-02
5.182186234817813542e-02
5.182186234817813542e-02
5.222672064777327677e-02
5.222672064777327677e-02
5.303643724696355949e-02
5.303643724696355949e-02
5.384615384615384914e-02
5.384615384615384914e-02
5.425101214574899050e-02
5.425101214574899050e-02
5.465587044534413186e-02
5.465587044534413186e-02
5.506072874493927322e-02
5.506072874493927322e-02
5.546558704453441457e-02
5.546558704453441457e-02
5.708502024291498000e-02
5.708502024291498000e-02
5.748987854251012136e-02
5.748987854251012136e-02
5.789473684210526272e-02
5.789473684210526272e-02
5.829959514170040408e-02
5.829959514170040408e-02
5.870445344129554543e-02
5.870445344129554543e-02
5.910931174089068679e-02
5.910931174089068679e-02
6.032388663967611087e-02
6.032388663967611087e-02
6.072874493927125222e-02
6.072874493927125222e-02
6.113360323886639358e-02
6.113360323886639358e-02
6.153846153846154188e-02
6.153846153846154188e-02
6.194331983805668324e-02
6.194331983805668324e-02
6.234817813765182459e-02
6.234817813765182459e-02
6.275303643724695901e-02
6.275303643724695901e-02
6.356275303643724173e-02
6.356275303643724173e-02
6.396761133603239002e-02
6.396761133603239002e-02
6.477732793522267274e-02
6.477732793522267274e-02
6.558704453441295545e-02
6.558704453441295545e-02
6.639676113360323817e-02
6.639676113360323817e-02
6.680161943319838647e-02
6.680161943319838647e-02
6.720647773279352089e-02
6.720647773279352089e-02
6.761133603238866918e-02
6.761133603238866918e-02
6.842105263157895190e-02
6.842105263157895190e-02
6.882591093117408632e-02
6.882591093117408632e-02
6.963562753036436903e-02
6.963562753036436903e-02
7.085020242914980004e-02
7.085020242914980004e-02
7.165991902834008276e-02
7.165991902834008276e-02
7.206477732793521718e-02
7.206477732793521718e-02
7.246963562753036547e-02
7.246963562753036547e-02
7.327935222672064819e-02
7.327935222672064819e-02
7.368421052631578261e-02
7.368421052631578261e-02
7.449392712550607920e-02
7.449392712550607920e-02
7.489878542510121362e-02
7.489878542510121362e-02
7.530364372469636192e-02
7.530364372469636192e-02
7.732793522267206177e-02
7.732793522267206177e-02
7.773279352226721006e-02
7.773279352226721006e-02
7.813765182186234448e-02
7.813765182186234448e-02
7.894736842105262720e-02
7.894736842105262720e-02
7.894736842105262720e-02
7.894736842105262720e-02
7.935222672064777549e-02
7.935222672064777549e-02
7.935222672064777549e-02
7.935222672064777549e-02
7.935222672064777549e-02
7.935222672064777549e-02
7.935222672064777549e-02
7.935222672064777549e-02
7.935222672064777549e-02
7.935222672064777549e-02
7.975708502024290991e-02
7.975708502024290991e-02
7.975708502024290991e-02
1.542510121457489891e-01
1.550607287449392580e-01
2.020242914979757110e-01
2.028340080971659798e-01
2.263157894736842202e-01
2.271255060728744890e-01
2.526315789473684292e-01
2.534412955465586981e-01
2.574898785425100978e-01
2.582995951417004221e-01
2.688259109311740835e-01
2.696356275303643524e-01
2.862348178137651966e-01
2.870445344129554655e-01
2.963562753036437236e-01
2.971659919028339925e-01
3.748987854251011886e-01
3.757085020242915130e-01
3.870445344129554432e-01
3.878542510121457676e-01
4.117408906882590869e-01
4.125506072874494112e-01
4.295546558704453344e-01
4.303643724696356032e-01
4.627530364372469673e-01
4.635627530364372362e-01
4.684210526315789602e-01
4.692307692307692291e-01
4.870445344129554766e-01
4.878542510121457454e-01
4.910931174089068763e-01
4.919028340080971451e-01
5.028340080971659409e-01
5.044534412955465896e-01
5.133603238866396579e-01
5.141700404858299267e-01
5.421052631578947567e-01
5.433198380566801600e-01
5.582995951417003555e-01
5.591093117408907354e-01
5.708502024291497445e-01
5.724696356275303932e-01
5.740890688259109309e-01
5.748987854251011997e-01
5.846153846153846478e-01
5.854251012145749167e-01
5.882591093117408576e-01
5.890688259109311264e-01
5.923076923076923128e-01
5.931174089068825817e-01
5.971659919028340369e-01
5.979757085020243057e-01
6.048582995951417018e-01
6.056680161943319707e-01
6.133603238866396357e-01
6.141700404858299045e-01
6.340080971659919351e-01
6.348178137651822039e-01
6.352226720647773384e-01
6.360323886639676072e-01
6.372469635627530105e-01
6.380566801619432793e-01
6.578947368421053099e-01
6.587044534412955787e-01
6.607287449392712508e-01
6.615384615384615197e-01
6.777327935222672295e-01
6.785425101214574983e-01
6.821862348178138191e-01
6.834008097165992224e-01
6.882591093117408354e-01
6.890688259109312153e-01
7.004048582995950900e-01
7.012145748987854699e-01
7.125506072874493446e-01
7.133603238866397245e-01
7.408906882591093090e-01
7.417004048582995779e-01
7.449392712550607643e-01
7.457489878542510331e-01
7.469635627530364363e-01
7.506072874493927571e-01
7.514170040485830260e-01
7.530364372469635637e-01
7.538461538461538325e-01
7.546558704453441013e-01
7.554655870445343702e-01
7.599190283400809598e-01
7.607287449392712286e-01
7.631578947368421462e-01
7.647773279352226838e-01
7.672064777327934904e-01
7.680161943319837592e-01
7.700404858299595423e-01
7.716599190283400800e-01
7.732793522267206177e-01
7.740890688259108865e-01
7.744939271255060209e-01
7.753036437246964008e-01
7.757085020242915352e-01
7.773279352226720729e-01
7.846153846153846034e-01
7.854251012145748723e-01
7.862348178137651411e-01
7.870445344129555210e-01
7.886639676113360586e-01
7.894736842105263275e-01
7.898785425101214619e-01
7.906882591093117307e-01
7.947368421052631859e-01
7.963562753036437236e-01
8.024291497975708509e-01
8.032388663967611198e-01
8.089068825910931126e-01
8.097165991902833815e-01
8.101214574898785159e-01
8.109311740890687847e-01
8.113360323886639192e-01
8.125506072874494334e-01
8.182186234817814263e-01
8.190283400809716952e-01
8.287449392712550322e-01
8.295546558704453011e-01
8.348178137651821595e-01
8.356275303643724284e-01
8.489878542510121973e-01
8.497975708502024661e-01
8.506072874493927349e-01
8.514170040485830038e-01
8.518218623481781382e-01
8.526315789473684070e-01
8.562753036437247278e-01
8.574898785425101311e-01
8.578947368421052655e-01
8.587044534412955343e-01
8.591093117408906688e-01
8.607287449392712064e-01
8.619433198380567207e-01
8.635627530364372584e-01
8.639676113360323928e-01
8.651821862348177961e-01
8.659919028340080649e-01
8.663967611336031993e-01
8.688259109311741168e-01
8.696356275303643857e-01
8.724696356275303266e-01
8.761133603238866474e-01
8.765182186234817818e-01
8.781376518218623195e-01
8.785425101214574539e-01
8.801619433198381026e-01
8.846153846153845812e-01
8.854251012145748501e-01
8.862348178137652299e-01
8.870445344129554988e-01
8.886639676113360364e-01
8.906882591093117085e-01
8.919028340080971118e-01
8.927125506072874916e-01
8.951417004048582982e-01
8.959514170040485670e-01
8.963562753036437014e-01
8.971659919028339703e-01
8.991902834008097534e-01
9.000000000000000222e-01
9.028340080971659631e-01
9.060728744939271495e-01
9.097165991902833593e-01
9.109311740890688736e-01
9.121457489878542768e-01
9.137651821862348145e-01
9.145748987854250833e-01
9.149797570850202177e-01
9.161943319838056210e-01
9.178137651821862697e-01
9.210526315789473450e-01
9.230769230769231282e-01
9.267206477732793379e-01
9.271255060728744724e-01
9.279352226720647412e-01
9.299595141700405243e-01
9.311740890688259276e-01
9.323886639676113308e-01
9.331983805668015997e-01
9.348178137651821373e-01
9.392712550607287270e-01
9.400809716599189958e-01
9.412955465587043991e-01
9.429149797570850478e-01
9.453441295546558543e-01
9.461538461538461231e-01
9.481781376518219062e-01
9.497975708502024439e-01
9.510121457489878471e-01
9.534412955465586537e-01
9.546558704453441679e-01
9.566801619433198400e-01
9.591093117408906465e-01
9.599190283400810264e-01
9.607287449392712952e-01
9.611336032388664297e-01
9.623481781376518329e-01
9.643724696356275050e-01
9.655870445344129083e-01
9.659919028340080427e-01
9.684210526315789602e-01
9.704453441295546323e-01
9.716599190283400356e-01
9.732793522267206843e-01
9.744939271255060875e-01
9.753036437246963564e-01
9.757085020242914908e-01
9.769230769230768940e-01
9.777327935222671629e-01
9.789473684210526772e-01
9.825910931174088869e-01
9.858299595141700733e-01
9.866396761133603421e-01
9.870445344129554766e-01
9.878542510121457454e-01
9.894736842105262831e-01
9.931174089068826039e-01
9.967611336032388136e-01
9.975708502024291935e-01
9.991902834008097312e-01
1.000000000000000000e+00
