0.000000000000000000e+00
3.340080971659918907e-01
3.716599190283400578e-01
3.862348178137651744e-01
3.983805668016194290e-01
4.052631578947368252e-01
4.097165991902834148e-01
4.129554655870445457e-01
4.174089068825910798e-01
4.222672064777328038e-01
4.275303643724696623e-01
4.299595141700404688e-01
4.327935222672064652e-01
4.352226720647773273e-01
4.368421052631579204e-01
4.376518218623481893e-01
4.396761133603238614e-01
4.412955465587044546e-01
4.437246963562753166e-01
4.453441295546558543e-01
4.473684210526315819e-01
4.485829959514169851e-01
4.493927125506073095e-01
4.514170040485829816e-01
4.538461538461538436e-01
4.546558704453441124e-01
4.550607287449392468e-01
4.550607287449392468e-01
4.554655870445344368e-01
4.587044534412955676e-01
4.591093117408907021e-01
4.603238866396761053e-01
4.611336032388663742e-01
4.635627530364372362e-01
4.651821862348178294e-01
4.692307692307692291e-01
4.700404858299594979e-01
4.708502024291498222e-01
4.728744939271254943e-01
4.736842105263157632e-01
4.744939271255060875e-01
4.753036437246963564e-01
4.757085020242914908e-01
4.761133603238866252e-01
4.777327935222672184e-01
4.793522267206477561e-01
4.797570850202428905e-01
4.805668016194332148e-01
4.825910931174088869e-01
4.829959514170040213e-01
4.842105263157894801e-01
4.850202429149797489e-01
4.862348178137652077e-01
4.862348178137652077e-01
4.894736842105263386e-01
4.910931174089068763e-01
4.914979757085020107e-01
4.914979757085020107e-01
4.959514170040486003e-01
4.967611336032388691e-01
5.000000000000000000e-01
5.008097165991902688e-01
5.012145748987854033e-01
5.012145748987854033e-01
5.028340080971659409e-01
5.032388663967611864e-01
5.048582995951417240e-01
5.048582995951417240e-01
5.052631578947368585e-01
5.060728744939271273e-01
5.080971659919027994e-01
5.089068825910930682e-01
5.137651821862347923e-01
5.137651821862347923e-01
5.170040485829959787e-01
5.178137651821862475e-01
5.190283400809716507e-01
5.190283400809716507e-01
5.218623481781377027e-01
5.226720647773279715e-01
5.267206477732793157e-01
5.275303643724695846e-01
5.279352226720648300e-01
5.279352226720648300e-01
5.287449392712550988e-01
5.303643724696356365e-01
5.303643724696356365e-01
5.336032388663967119e-01
5.344129554655870917e-01
5.400809716599189736e-01
5.400809716599189736e-01
5.421052631578947567e-01
5.421052631578947567e-01
5.481781376518218840e-01
5.489878542510121529e-01
5.566801619433198178e-01
5.574898785425100867e-01
5.639676113360323484e-01
5.639676113360323484e-01
5.773279352226721173e-01
5.781376518218623861e-01
5.785425101214575205e-01
5.785425101214575205e-01
5.793522267206477894e-01
5.797570850202429238e-01
5.813765182186234615e-01
5.813765182186234615e-01
5.858299595141700511e-01
5.862348178137651855e-01
5.898785425101215063e-01
5.906882591093117751e-01
5.919028340080971784e-01
5.927125506072874472e-01
5.951417004048582537e-01
5.951417004048582537e-01
5.987854251012145745e-01
5.987854251012145745e-01
5.995951417004048434e-01
5.995951417004048434e-01
6.028340080971660297e-01
6.028340080971660297e-01
6.125506072874493668e-01
6.125506072874493668e-01
6.141700404858299045e-01
6.141700404858299045e-01
6.222672064777328149e-01
6.222672064777328149e-01
6.246963562753036214e-01
6.255060728744938903e-01
6.287449392712550766e-01
6.287449392712550766e-01
6.323886639676112864e-01
6.323886639676112864e-01
6.360323886639676072e-01
6.360323886639676072e-01
6.372469635627530105e-01
6.372469635627530105e-01
6.384615384615384137e-01
6.384615384615384137e-01
6.421052631578947345e-01
6.421052631578947345e-01
6.473684210526315930e-01
6.473684210526315930e-01
6.477732793522267274e-01
6.477732793522267274e-01
6.493927125506072651e-01
6.493927125506072651e-01
6.497975708502023995e-01
6.497975708502023995e-01
6.510121457489878027e-01
6.510121457489878027e-01
6.587044534412955787e-01
6.587044534412955787e-01
6.619433198380566541e-01
6.619433198380566541e-01
6.651821862348178405e-01
6.659919028340081093e-01
6.688259109311740502e-01
6.688259109311740502e-01
6.700404858299595645e-01
6.700404858299595645e-01
6.716599190283401022e-01
6.716599190283401022e-01
6.728744939271255054e-01
6.728744939271255054e-01
7.036437246963562764e-01
7.036437246963562764e-01
7.040485829959514108e-01
7.040485829959514108e-01
7.072874493927125972e-01
7.072874493927125972e-01
7.149797570850202622e-01
7.149797570850202622e-01
7.226720647773279271e-01
7.226720647773279271e-01
7.315789473684211064e-01
7.315789473684211064e-01
7.331983805668016441e-01
7.331983805668016441e-01
7.425101214574898467e-01
7.425101214574898467e-01
7.603238866396760942e-01
7.603238866396760942e-01
7.643724696356275494e-01
7.643724696356275494e-01
7.789473684210526105e-01
7.789473684210526105e-01
7.801619433198380138e-01
7.801619433198380138e-01
7.927125506072874028e-01
7.927125506072874028e-01
8.036437246963562542e-01
8.036437246963562542e-01
8.080971659919028438e-01
8.080971659919028438e-01
8.085020242914979782e-01
8.085020242914979782e-01
8.109311740890687847e-01
8.109311740890687847e-01
8.113360323886639192e-01
8.113360323886639192e-01
8.190283400809716952e-01
8.190283400809716952e-01
8.210526315789473673e-01
8.210526315789473673e-01
8.214574898785425017e-01
8.214574898785425017e-01
8.218623481781376361e-01
8.218623481781376361e-01
8.283400809716598978e-01
8.283400809716598978e-01
8.307692307692308153e-01
8.307692307692308153e-01
8.327935222672064874e-01
8.327935222672064874e-01
8.372469635627530771e-01
8.372469635627530771e-01
8.441295546558704732e-01
8.441295546558704732e-01
8.465587044534412797e-01
8.465587044534412797e-01
8.481781376518218174e-01
8.481781376518218174e-01
8.493927125506073317e-01
8.493927125506073317e-01
8.502024291497976005e-01
8.502024291497976005e-01
8.510121457489878694e-01
8.510121457489878694e-01
8.546558704453440791e-01
8.546558704453440791e-01
8.611336032388664519e-01
8.611336032388664519e-01
8.651821862348177961e-01
8.651821862348177961e-01
8.716599190283400578e-01
8.716599190283400578e-01
8.736842105263158409e-01
8.744939271255061097e-01
8.753036437246963786e-01
8.753036437246963786e-01
8.801619433198381026e-01
8.801619433198381026e-01
8.821862348178137747e-01
8.821862348178137747e-01
8.829959514170040435e-01
8.829959514170040435e-01
8.919028340080971118e-01
8.919028340080971118e-01
8.939271255060728949e-01
8.939271255060728949e-01
8.943319838056680293e-01
8.943319838056680293e-01
8.947368421052631637e-01
8.947368421052631637e-01
8.955465587044534326e-01
8.955465587044534326e-01
8.995951417004048878e-01
8.995951417004048878e-01
9.024291497975708287e-01
9.024291497975708287e-01
9.032388663967610976e-01
9.032388663967610976e-01
9.044534412955466118e-01
9.044534412955466118e-01
9.060728744939271495e-01
9.060728744939271495e-01
9.064777327935222839e-01
9.064777327935222839e-01
9.089068825910930904e-01
9.089068825910930904e-01
9.109311740890688736e-01
9.109311740890688736e-01
9.117408906882591424e-01
9.117408906882591424e-01
9.121457489878542768e-01
9.121457489878542768e-01
9.170040485829960009e-01
9.170040485829960009e-01
9.174089068825911353e-01
9.174089068825911353e-01
9.202429149797570762e-01
9.202429149797570762e-01
9.214574898785424795e-01
9.214574898785424795e-01
9.218623481781376139e-01
9.218623481781376139e-01
9.230769230769231282e-01
9.230769230769231282e-01
9.234817813765182626e-01
9.234817813765182626e-01
9.238866396761133970e-01
9.238866396761133970e-01
9.242914979757085314e-01
9.242914979757085314e-01
9.246963562753036658e-01
9.246963562753036658e-01
9.251012145748988003e-01
9.251012145748988003e-01
9.271255060728744724e-01
9.271255060728744724e-01
9.283400809716598756e-01
9.283400809716598756e-01
9.319838056680161964e-01
9.319838056680161964e-01
9.331983805668015997e-01
9.331983805668015997e-01
9.336032388663967341e-01
9.336032388663967341e-01
9.352226720647773828e-01
9.352226720647773828e-01
9.380566801619433237e-01
9.380566801619433237e-01
9.417004048582996445e-01
9.417004048582996445e-01
9.437246963562753166e-01
9.437246963562753166e-01
9.449392712550607198e-01
9.449392712550607198e-01
9.469635627530363919e-01
9.469635627530363919e-01
9.485829959514170406e-01
9.485829959514170406e-01
9.493927125506073095e-01
9.493927125506073095e-01
9.502024291497975783e-01
9.502024291497975783e-01
9.506072874493927127e-01
9.506072874493927127e-01
9.526315789473683848e-01
9.526315789473683848e-01
9.530364372469635192e-01
9.530364372469635192e-01
9.542510121457490335e-01
9.542510121457490335e-01
9.558704453441295712e-01
9.558704453441295712e-01
9.566801619433198400e-01
9.566801619433198400e-01
9.582995951417003777e-01
9.582995951417003777e-01
9.595141700404857810e-01
9.595141700404857810e-01
9.635627530364372362e-01
9.635627530364372362e-01
9.643724696356275050e-01
9.651821862348177739e-01
9.655870445344129083e-01
9.655870445344129083e-01
9.663967611336032881e-01
9.672064777327935570e-01
9.708502024291497667e-01
9.716599190283400356e-01
9.720647773279351700e-01
9.728744939271255499e-01
9.732793522267206843e-01
9.740890688259109531e-01
9.748987854251012219e-01
9.748987854251012219e-01
9.951417004048582760e-01
1.000000000000000000e+00
1.000000000000000000e+00
1.000000000000000000e+00
1.000000000000000000e+00
1.000000000000000000e+00
1.000000000000000000e+00
1.000000000000000000e+00
1.000000000000000000e+00
1.000000000000000000e+00
1.000000000000000000e+00
1.000000000000000000e+00
1.000000000000000000e+00
1.000000000000000000e+00
1.000000000000000000e+00
1.000000000000000000e+00
1.000000000000000000e+00
1.000000000000000000e+00
1.000000000000000000e+00
1.000000000000000000e+00
1.000000000000000000e+00
1.000000000000000000e+00
1.000000000000000000e+00
1.000000000000000000e+00
1.000000000000000000e+00
1.000000000000000000e+00
1.000000000000000000e+00
1.000000000000000000e+00
1.000000000000000000e+00
1.000000000000000000e+00
1.000000000000000000e+00
1.000000000000000000e+00
1.000000000000000000e+00
1.000000000000000000e+00
1.000000000000000000e+00
1.000000000000000000e+00
1.000000000000000000e+00
1.000000000000000000e+00
1.000000000000000000e+00
1.000000000000000000e+00
1.000000000000000000e+00
1.000000000000000000e+00
1.000000000000000000e+00
1.000000000000000000e+00
1.000000000000000000e+00
1.000000000000000000e+00
1.000000000000000000e+00
1.000000000000000000e+00
1.000000000000000000e+00
1.000000000000000000e+00
1.000000000000000000e+00
1.000000000000000000e+00
1.000000000000000000e+00
1.000000000000000000e+00
1.000000000000000000e+00
1.000000000000000000e+00
1.000000000000000000e+00
1.000000000000000000e+00
1.000000000000000000e+00
1.000000000000000000e+00
1.000000000000000000e+00
1.000000000000000000e+00
1.000000000000000000e+00
1.000000000000000000e+00
1.000000000000000000e+00
1.000000000000000000e+00
1.000000000000000000e+00
1.000000000000000000e+00
1.000000000000000000e+00
1.000000000000000000e+00
1.000000000000000000e+00
1.000000000000000000e+00
1.000000000000000000e+00
1.000000000000000000e+00
1.000000000000000000e+00
1.000000000000000000e+00
1.000000000000000000e+00
1.000000000000000000e+00
1.000000000000000000e+00
1.000000000000000000e+00
1.000000000000000000e+00
1.000000000000000000e+00
1.000000000000000000e+00
1.000000000000000000e+00
1.000000000000000000e+00
1.000000000000000000e+00
1.000000000000000000e+00
1.000000000000000000e+00
1.000000000000000000e+00
1.000000000000000000e+00
1.000000000000000000e+00
1.000000000000000000e+00
1.000000000000000000e+00
1.000000000000000000e+00
1.000000000000000000e+00
1.000000000000000000e+00
1.000000000000000000e+00
1.000000000000000000e+00
1.000000000000000000e+00
1.000000000000000000e+00
1.000000000000000000e+00
1.000000000000000000e+00
1.000000000000000000e+00
1.000000000000000000e+00
1.000000000000000000e+00
1.000000000000000000e+00
1.000000000000000000e+00
1.000000000000000000e+00
1.000000000000000000e+00
1.000000000000000000e+00
1.000000000000000000e+00
1.000000000000000000e+00
1.000000000000000000e+00
1.000000000000000000e+00
1.000000000000000000e+00
1.000000000000000000e+00
1.000000000000000000e+00
1.000000000000000000e+00
1.000000000000000000e+00
1.000000000000000000e+00
1.000000000000000000e+00
1.000000000000000000e+00
1.000000000000000000e+00
1.000000000000000000e+00
1.000000000000000000e+00
1.000000000000000000e+00
1.000000000000000000e+00
1.000000000000000000e+00
1.000000000000000000e+00
1.000000000000000000e+00
1.000000000000000000e+00
1.000000000000000000e+00
1.000000000000000000e+00
1.000000000000000000e+00
1.000000000000000000e+00
1.000000000000000000e+00
1.000000000000000000e+00
1.000000000000000000e+00
1.000000000000000000e+00
1.000000000000000000e+00
1.000000000000000000e+00
1.000000000000000000e+00
1.000000000000000000e+00
1.000000000000000000e+00
1.000000000000000000e+00
1.000000000000000000e+00
1.000000000000000000e+00
1.000000000000000000e+00
1.000000000000000000e+00
1.000000000000000000e+00
1.000000000000000000e+00
1.000000000000000000e+00
1.000000000000000000e+00
1.000000000000000000e+00
1.000000000000000000e+00
1.000000000000000000e+00
1.000000000000000000e+00
1.000000000000000000e+00
1.000000000000000000e+00
1.000000000000000000e+00
1.000000000000000000e+00
1.000000000000000000e+00
1.000000000000000000e+00
1.000000000000000000e+00
1.000000000000000000e+00
1.000000000000000000e+00
1.000000000000000000e+00
1.000000000000000000e+00
1.000000000000000000e+00
1.000000000000000000e+00
1.000000000000000000e+00
1.000000000000000000e+00
1.000000000000000000e+00
1.000000000000000000e+00
1.000000000000000000e+00
1.000000000000000000e+00
1.000000000000000000e+00
1.000000000000000000e+00
1.000000000000000000e+00
1.000000000000000000e+00
1.000000000000000000e+00
1.000000000000000000e+00
1.000000000000000000e+00
1.000000000000000000e+00
1.000000000000000000e+00
1.000000000000000000e+00
1.000000000000000000e+00
1.000000000000000000e+00
1.000000000000000000e+00
1.000000000000000000e+00
1.000000000000000000e+00
1.000000000000000000e+00
1.000000000000000000e+00
1.000000000000000000e+00
1.000000000000000000e+00
1.000000000000000000e+00
1.000000000000000000e+00
1.000000000000000000e+00
1.000000000000000000e+00
1.000000000000000000e+00
1.000000000000000000e+00
1.000000000000000000e+00
1.000000000000000000e+00
1.000000000000000000e+00
1.000000000000000000e+00
1.000000000000000000e+00
1.000000000000000000e+00
1.000000000000000000e+00
1.000000000000000000e+00
1.000000000000000000e+00
1.000000000000000000e+00
1.000000000000000000e+00
1.000000000000000000e+00
1.000000000000000000e+00
1.000000000000000000e+00
1.000000000000000000e+00
1.000000000000000000e+00
1.000000000000000000e+00
1.000000000000000000e+00
1.000000000000000000e+00
1.000000000000000000e+00
1.000000000000000000e+00
1.000000000000000000e+00
1.000000000000000000e+00
1.000000000000000000e+00
1.000000000000000000e+00
1.000000000000000000e+00
1.000000000000000000e+00
