4 1522 1
5 1542 1
11 1380 1
11 1522 1
18 1493 1
19 1513 1
20 1493 1
21 1437 1
21 1508 1
21 1522 1
23 1493 1
25 1493 1
26 1508 1
28 1522 1
34 1448 1
35 1508 1
36 1493 1
41 1508 1
41 1514 1
43 1380 1
43 1522 1
44 1380 1
45 1522 1
46 1530 1
70 1514 1
74 1407 1
76 1407 1
82 1508 1
89 1542 1
94 1508 1
95 1508 1
95 1514 1
101 1513 1
103 1500 1
105 1500 1
106 1500 1
108 1493 1
115 1493 1
126 1375 1
128 1394 1
130 1476 1
132 1508 1
132 1513 1
135 1493 1
135 1522 1
138 1394 1
138 1508 1
139 1508 1
140 1440 1
140 1493 1
141 1394 1
141 1508 1
142 1493 1
143 1508 1
145 1493 1
149 1407 1
152 1493 1
156 1493 1
162 1508 1
164 1513 1
168 1508 1
169 1493 1
181 1539 1
181 1544 1
182 1493 1
183 1508 1
192 1493 1
193 1493 1
197 1520 1
203 1493 1
209 1514 1
211 1514 1
214 1493 1
217 1514 1
218 1380 1
218 1530 1
219 1522 1
220 1522 1
225 1522 1
232 1514 1
236 1508 1
242 1508 1
244 1539 1
244 1544 1
246 1380 1
247 1508 1
247 1514 1
250 1508 1
252 1508 1
255 1493 1
257 1438 1
257 1493 1
258 1438 1
258 1508 1
259 1508 1
261 1508 1
263 1493 1
265 1493 1
272 1448 1
274 1514 1
275 1514 1
277 1493 1
278 1522 1
278 1530 1
279 1522 1
281 1522 1
283 1493 1
289 1394 1
293 1513 1
295 1500 1
298 1508 1
302 1448 1
304 1514 1
307 1383 1
307 1503 1
309 1508 1
311 1407 1
312 1493 1
312 1508 1
315 1508 1
317 1392 1
322 1513 1
326 1394 1
326 1513 1
331 1514 1
332 1493 1
343 1514 1
346 1407 1
351 1508 1
352 1493 1
353 1544 1
356 1493 1
359 1508 1
360 1401 1
366 1493 1
366 1508 1
372 1500 1
375 1493 1
378 1503 1
379 1493 1
383 1493 1
391 1493 1
402 1493 1
403 1504 1
411 1508 1
414 1407 1
420 1456 1
420 1538 1
424 1493 1
427 1407 1
428 1379 1
429 1522 1
430 1407 1
435 1440 1
438 1477 1
441 1481 1
442 1394 1
447 1389 1
450 1500 1
454 1493 1
455 1493 1
462 1467 1
464 1478 1
464 1403 1
466 1394 1
468 1403 1
469 1420 1
472 1508 1
476 1472 1
477 1407 1
483 1493 1
502 1404 1
503 1493 1
504 1508 1
504 1493 1
506 1500 1
513 1407 1
515 1508 1
515 1513 1
516 1537 1
517 1522 1
522 1493 1
532 1508 1
534 1522 1
535 1522 1
536 1522 1
539 1440 1
540 1407 1
540 1508 1
542 1430 1
543 1513 1
546 1440 1
548 1525 1
550 1525 1
551 1397 1
552 1420 1
555 1493 1
556 1394 1
556 1467 1
556 1522 1
565 1440 1
566 1493 1
569 1493 1
569 1525 1
581 1508 1
584 1522 1
585 1508 1
587 1440 1
594 1542 1
603 1423 1
606 1440 1
608 1508 1
617 1493 1
618 1440 1
623 1440 1
623 1469 1
628 1487 1
631 1520 1
631 1529 1
633 1489 1
633 1504 1
633 1382 1
634 1493 1
635 1493 1
639 1443 1
640 1478 1
648 1514 1
656 1514 1
658 1514 1
660 1508 1
660 1514 1
663 1493 1
666 1440 1
669 1440 1
672 1407 1
675 1508 1
678 1380 1
679 1530 1
697 1431 1
698 1467 1
701 1440 1
701 1493 1
701 1500 1
702 1375 1
702 1467 1
702 1493 1
704 1508 1
705 1514 1
713 1514 1
716 1407 1
720 1508 1
721 1522 1
727 1430 1
728 1430 1
731 1508 1
731 1513 1
731 1522 1
732 1508 1
733 1493 1
738 1493 1
740 1401 1
743 1504 1
745 1508 1
746 1508 1
747 1451 1
752 1412 1
752 1408 1
753 1440 1
754 1508 1
754 1514 1
756 1493 1
757 1508 1
757 1440 1
758 1407 1
760 1542 1
762 1448 1
764 1420 1
766 1407 1
768 1461 1
775 1493 1
775 1513 1
777 1440 1
780 1500 1
784 1534 1
784 1508 1
786 1521 1
789 1430 1
793 1430 1
796 1526 1
798 1442 1
801 1520 1
802 1394 1
805 1541 1
810 1407 1
813 1509 1
813 1511 1
816 1508 1
817 1513 1
818 1493 1
819 1542 1
823 1407 1
825 1493 1
826 1407 1
827 1407 1
827 1409 1
829 1513 1
833 1508 1
835 1522 1
836 1493 1
839 1440 1
839 1508 1
841 1404 1
845 1440 1
846 1440 1
849 1493 1
850 1403 1
856 1493 1
862 1440 1
863 1508 1
869 1542 1
873 1448 1
874 1522 1
879 1522 1
881 1407 1
882 1542 1
886 1440 1
892 1461 1
896 1403 1
897 1530 1
899 1440 1
902 1493 1
905 1493 1
909 1392 1
909 1485 1
909 1407 1
910 1392 1
913 1513 1
922 1493 1
922 1384 1
923 1493 1
933 1508 1
934 1508 1
937 1523 1
937 1531 1
939 1529 1
941 1541 1
942 1471 1
942 1508 1
947 1522 1
948 1493 1
949 1527 1
957 1440 1
958 1493 1
967 1508 1
968 1375 1
974 1522 1
976 1394 1
978 1508 1
980 1490 1
984 1493 1
986 1493 1
988 1437 1
988 1513 1
990 1513 1
997 1493 1
998 1493 1
1007 1493 1
1009 1493 1
1012 1508 1
1013 1539 1
1013 1540 1
1015 1504 1
1016 1493 1
1016 1504 1
1022 1407 1
1025 1508 1
1027 1422 1
1031 1440 1
1035 1493 1
1036 1460 1
1040 1407 1
1044 1508 1
1046 1493 1
1049 1426 1
1053 1514 1
1058 1518 1
1060 1493 1
1061 1394 1
1061 1440 1
1062 1508 1
1063 1493 1
1065 1508 1
1066 1493 1
1069 1437 1
1069 1513 1
1074 1493 1
1079 1514 1
1081 1508 1
1083 1407 1
1084 1420 1
1085 1487 1
1088 1440 1
1089 1508 1
1090 1522 1
1094 1440 1
1100 1493 1
1105 1448 1
1107 1456 1
1112 1407 1
1113 1407 1
1114 1392 1
1119 1382 1
1120 1407 1
1121 1472 1
1123 1490 1
1125 1504 1
1126 1440 1
1126 1474 1
1126 1508 1
1127 1493 1
1129 1440 1
1135 1493 1
1143 1440 1
1146 1508 1
1147 1518 1
1156 1493 1
1156 1508 1
1157 1508 1
1162 1481 1
1165 1539 1
1165 1541 1
1175 1461 1
1176 1450 1
1181 1493 1
1182 1488 1
1185 1440 1
1186 1440 1
1187 1513 1
1188 1481 1
1195 1513 1
1201 1518 1
1203 1440 1
1203 1542 1
1204 1530 1
1206 1522 1
1210 1407 1
1210 1432 1
1210 1437 1
1210 1467 1
1217 1493 1
1220 1530 1
1224 1493 1
1227 1402 1
1227 1440 1
1235 1522 1
1238 1508 1
1240 1493 1
1248 1530 1
1252 1522 1
1256 1493 1
1260 1508 1
1262 1440 1
1262 1400 1
1264 1486 1
1269 1440 1
1273 1440 1
1279 1508 1
1280 1493 1
1281 1522 1
1295 1493 1
1298 1493 1
1300 1407 1
1310 1440 1
1313 1481 1
1313 1431 1
1316 1408 1
1319 1542 1
1320 1508 1
1323 1452 1
1326 1518 1
1335 1407 1
1337 1440 1
1338 1489 1
1339 1493 1
1340 1456 1
1341 1493 1
1348 1458 1
1351 1376 1
1353 1440 1
1354 1493 1
1369 1493 1
1370 1508 1
1371 1493 1
1372 1407 1
0 1542 1
8 1493 1
12 1522 1
14 1380 1
15 1508 1
15 1513 1
16 1437 1
16 1493 1
17 1437 1
17 1493 1
18 1437 1
18 1508 1
19 1437 1
22 1513 1
23 1437 1
24 1522 1
25 1522 1
26 1437 1
26 1493 1
26 1522 1
27 1493 1
27 1522 1
28 1493 1
30 1437 1
30 1522 1
37 1407 1
44 1530 1
45 1530 1
47 1380 1
48 1514 1
49 1514 1
51 1514 1
55 1508 1
60 1493 1
62 1493 1
65 1493 1
66 1493 1
69 1508 1
71 1407 1
80 1508 1
81 1508 1
85 1508 1
92 1508 1
98 1440 1
104 1500 1
111 1488 1
115 1440 1
117 1493 1
129 1508 1
132 1437 1
133 1437 1
134 1508 1
135 1508 1
136 1513 1
138 1493 1
139 1476 1
139 1493 1
140 1466 1
140 1508 1
141 1466 1
142 1394 1
142 1466 1
142 1508 1
145 1542 1
146 1508 1
146 1542 1
149 1493 1
151 1407 1
153 1493 1
159 1493 1
162 1513 1
170 1493 1
171 1493 1
173 1440 1
175 1440 1
177 1440 1
178 1493 1
180 1519 1
187 1519 1
188 1508 1
190 1493 1
190 1519 1
191 1519 1
193 1519 1
195 1493 1
197 1522 1
198 1508 1
198 1519 1
199 1493 1
204 1508 1
205 1508 1
206 1508 1
209 1508 1
210 1514 1
211 1508 1
214 1519 1
216 1508 1
217 1508 1
222 1514 1
229 1493 1
231 1522 1
237 1513 1
242 1514 1
248 1508 1
249 1493 1
249 1501 1
249 1508 1
250 1514 1
251 1514 1
254 1508 1
254 1514 1
255 1440 1
256 1514 1
257 1440 1
258 1437 1
258 1513 1
259 1514 1
261 1438 1
261 1513 1
262 1514 1
264 1407 1
265 1407 1
275 1508 1
282 1508 1
282 1514 1
285 1514 1
290 1514 1
292 1514 1
296 1500 1
298 1514 1
299 1508 1
300 1493 1
301 1514 1
303 1508 1
314 1508 1
316 1514 1
318 1508 1
320 1508 1
325 1513 1
328 1500 1
329 1500 1
333 1514 1
335 1493 1
343 1508 1
345 1493 1
348 1440 1
358 1544 1
362 1493 1
370 1500 1
382 1407 1
384 1493 1
388 1476 1
388 1508 1
389 1467 1
389 1508 1
389 1522 1
395 1493 1
405 1493 1
406 1493 1
408 1493 1
411 1513 1
415 1522 1
422 1453 1
427 1489 1
428 1508 1
435 1392 1
436 1508 1
438 1491 1
439 1440 1
440 1493 1
443 1420 1
445 1472 1
451 1542 1
454 1542 1
456 1407 1
459 1407 1
460 1513 1
462 1440 1
464 1493 1
464 1431 1
470 1407 1
472 1493 1
478 1375 1
478 1493 1
480 1493 1
484 1440 1
487 1513 1
489 1424 1
496 1407 1
497 1508 1
499 1508 1
504 1411 1
514 1407 1
515 1522 1
517 1529 1
518 1522 1
519 1383 1
520 1503 1
523 1508 1
526 1495 1
527 1508 1
532 1440 1
533 1440 1
533 1469 1
533 1493 1
533 1508 1
537 1493 1
538 1407 1
539 1508 1
541 1403 1
541 1430 1
547 1472 1
549 1472 1
550 1534 1
550 1420 1
553 1508 1
555 1413 1
556 1472 1
556 1508 1
557 1420 1
559 1440 1
560 1493 1
566 1508 1
572 1440 1
572 1508 1
574 1420 1
577 1440 1
578 1407 1
579 1508 1
590 1493 1
591 1522 1
594 1539 1
595 1493 1
597 1448 1
598 1440 1
598 1490 1
598 1481 1
600 1407 1
607 1508 1
609 1431 1
614 1522 1
615 1420 1
615 1441 1
622 1407 1
632 1522 1
633 1542 1
633 1433 1
641 1493 1
647 1440 1
651 1522 1
652 1479 1
654 1460 1
655 1508 1
659 1508 1
662 1488 1
667 1493 1
667 1513 1
674 1493 1
676 1508 1
676 1514 1
678 1522 1
687 1513 1
688 1430 1
690 1430 1
693 1493 1
695 1380 1
695 1522 1
695 1530 1
701 1375 1
704 1405 1
714 1514 1
719 1440 1
722 1461 1
731 1430 1
731 1416 1
731 1433 1
734 1440 1
736 1440 1
736 1488 1
738 1403 1
745 1522 1
749 1493 1
752 1403 1
767 1407 1
771 1440 1
771 1431 1
775 1500 1
778 1500 1
781 1500 1
783 1493 1
784 1535 1
786 1520 1
788 1522 1
789 1522 1
792 1430 1
811 1407 1
819 1440 1
820 1508 1
825 1513 1
825 1522 1
832 1513 1
837 1507 1
840 1404 1
843 1407 1
845 1508 1
850 1539 1
850 1540 1
854 1493 1
855 1493 1
860 1407 1
865 1481 1
870 1493 1
882 1493 1
892 1454 1
893 1495 1
895 1394 1
898 1380 1
901 1448 1
901 1518 1
903 1493 1
904 1493 1
909 1440 1
909 1522 1
909 1527 1
910 1440 1
910 1485 1
910 1375 1
915 1522 1
922 1444 1
922 1404 1
922 1375 1
925 1460 1
931 1508 1
932 1514 1
933 1544 1
936 1440 1
937 1522 1
938 1508 1
940 1522 1
942 1437 1
944 1493 1
946 1493 1
948 1382 1
950 1440 1
956 1407 1
958 1513 1
960 1404 1
961 1508 1
962 1420 1
967 1440 1
969 1407 1
970 1407 1
975 1394 1
977 1508 1
980 1440 1
980 1489 1
980 1504 1
980 1541 1
981 1493 1
987 1437 1
987 1513 1
988 1508 1
988 1522 1
989 1513 1
990 1437 1
990 1522 1
1001 1493 1
1004 1508 1
1004 1522 1
1011 1487 1
1012 1513 1
1014 1504 1
1017 1504 1
1019 1504 1
1020 1407 1
1026 1508 1
1031 1522 1
1033 1545 1
1034 1493 1
1038 1542 1
1041 1493 1
1045 1493 1
1050 1418 1
1051 1440 1
1053 1508 1
1055 1440 1
1059 1508 1
1066 1508 1
1066 1513 1
1068 1504 1
1069 1493 1
1069 1508 1
1071 1404 1
1072 1404 1
1073 1508 1
1080 1545 1
1088 1488 1
1098 1403 1
1102 1535 1
1103 1451 1
1108 1407 1
1110 1493 1
1111 1493 1
1112 1508 1
1113 1508 1
1115 1472 1
1116 1493 1
1127 1508 1
1131 1440 1
1137 1493 1
1138 1472 1
1139 1493 1
1142 1493 1
1143 1438 1
1143 1488 1
1148 1518 1
1152 1493 1
1161 1508 1
1164 1508 1
1170 1486 1
1173 1440 1
1176 1390 1
1180 1440 1
1180 1493 1
1181 1522 1
1181 1518 1
1184 1425 1
1184 1462 1
1189 1461 1
1190 1464 1
1191 1461 1
1191 1460 1
1193 1404 1
1199 1404 1
1214 1440 1
1220 1522 1
1221 1493 1
1225 1440 1
1226 1493 1
1230 1508 1
1231 1455 1
1232 1440 1
1234 1542 1
1238 1493 1
1238 1405 1
1241 1406 1
1244 1396 1
1248 1380 1
1249 1493 1
1253 1461 1
1254 1541 1
1256 1440 1
1258 1440 1
1266 1486 1
1268 1440 1
1270 1440 1
1272 1440 1
1274 1486 1
1277 1493 1
1281 1380 1
1282 1501 1
1286 1407 1
1288 1493 1
1291 1498 1
1297 1440 1
1301 1440 1
1306 1508 1
1312 1407 1
1313 1440 1
1313 1401 1
1314 1493 1
1316 1407 1
1318 1542 1
1323 1391 1
1323 1440 1
1324 1437 1
1325 1508 1
1329 1437 1
1329 1508 1
1331 1437 1
1333 1407 1
1333 1409 1
1333 1522 1
1338 1490 1
1343 1509 1
1343 1510 1
1344 1440 1
1345 1440 1
1350 1438 1
1355 1407 1
1362 1461 1
1369 1440 1
1369 1508 1
1370 1493 1
2 1508 1
5 1493 1
6 1493 1
6 1542 1
7 1493 1
9 1493 1
10 1380 1
13 1522 1
14 1522 1
15 1522 1
16 1508 1
16 1513 1
16 1522 1
17 1522 1
18 1522 1
19 1508 1
21 1493 1
21 1513 1
22 1508 1
23 1508 1
23 1522 1
24 1437 1
24 1513 1
25 1437 1
27 1437 1
28 1437 1
28 1513 1
29 1513 1
33 1448 1
36 1513 1
36 1522 1
38 1407 1
39 1407 1
40 1407 1
42 1380 1
44 1522 1
46 1380 1
50 1508 1
51 1508 1
57 1493 1
68 1508 1
69 1514 1
75 1407 1
77 1493 1
83 1508 1
89 1541 1
90 1448 1
93 1514 1
94 1514 1
96 1440 1
99 1440 1
107 1500 1
109 1513 1
116 1440 1
116 1493 1
122 1522 1
130 1508 1
131 1522 1
132 1493 1
133 1493 1
133 1508 1
133 1513 1
135 1437 1
135 1513 1
136 1522 1
137 1440 1
139 1394 1
139 1440 1
140 1476 1
141 1493 1
142 1440 1
143 1440 1
145 1508 1
152 1407 1
153 1407 1
155 1407 1
156 1407 1
164 1508 1
167 1530 1
174 1493 1
176 1493 1
178 1440 1
180 1508 1
184 1519 1
186 1519 1
187 1493 1
188 1493 1
189 1493 1
189 1508 1
191 1493 1
191 1508 1
201 1382 1
212 1508 1
212 1514 1
214 1508 1
216 1514 1
221 1401 1
223 1401 1
226 1508 1
227 1508 1
227 1513 1
228 1493 1
232 1508 1
234 1514 1
238 1500 1
239 1448 1
240 1440 1
243 1440 1
244 1541 1
244 1542 1
249 1500 1
253 1508 1
253 1514 1
255 1437 1
255 1508 1
256 1508 1
258 1440 1
261 1437 1
261 1440 1
268 1394 1
270 1541 1
270 1542 1
271 1514 1
273 1514 1
281 1489 1
281 1508 1
288 1394 1
290 1508 1
294 1513 1
305 1508 1
305 1514 1
313 1407 1
333 1508 1
337 1504 1
347 1440 1
351 1514 1
353 1540 1
354 1448 1
357 1514 1
360 1403 1
363 1493 1
366 1519 1
371 1500 1
380 1493 1
381 1407 1
397 1493 1
401 1493 1
407 1493 1
410 1493 1
416 1461 1
417 1493 1
418 1432 1
419 1407 1
427 1493 1
431 1424 1
433 1407 1
434 1513 1
435 1407 1
437 1464 1
438 1431 1
445 1525 1
445 1493 1
445 1394 1
445 1508 1
451 1440 1
455 1508 1
462 1434 1
463 1525 1
466 1416 1
467 1470 1
468 1401 1
473 1493 1
475 1541 1
479 1407 1
481 1493 1
484 1508 1
491 1407 1
500 1407 1
503 1508 1
503 1518 1
509 1504 1
512 1407 1
518 1520 1
520 1494 1
520 1383 1
521 1537 1
523 1493 1
524 1493 1
528 1407 1
531 1407 1
535 1530 1
537 1500 1
539 1407 1
541 1401 1
543 1493 1
543 1384 1
544 1508 1
556 1448 1
556 1489 1
558 1508 1
558 1472 1
560 1440 1
562 1472 1
563 1525 1
564 1420 1
565 1508 1
569 1440 1
569 1518 1
569 1490 1
569 1491 1
573 1525 1
576 1393 1
582 1440 1
582 1388 1
583 1406 1
584 1407 1
587 1493 1
590 1522 1
593 1459 1
594 1544 1
595 1407 1
596 1493 1
598 1518 1
598 1491 1
600 1493 1
602 1508 1
606 1392 1
609 1506 1
609 1488 1
614 1493 1
615 1440 1
615 1472 1
621 1508 1
623 1493 1
623 1508 1
624 1493 1
625 1428 1
627 1487 1
630 1493 1
633 1401 1
633 1403 1
633 1543 1
633 1499 1
633 1407 1
636 1508 1
636 1525 1
642 1493 1
643 1508 1
646 1455 1
653 1508 1
657 1508 1
670 1386 1
673 1407 1
675 1514 1
679 1380 1
683 1473 1
683 1525 1
684 1404 1
691 1493 1
694 1407 1
698 1508 1
700 1530 1
708 1493 1
709 1431 1
713 1508 1
715 1522 1
717 1461 1
718 1508 1
724 1461 1
725 1448 1
731 1401 1
731 1403 1
731 1407 1
731 1499 1
731 1525 1
733 1440 1
736 1431 1
737 1493 1
738 1440 1
740 1403 1
745 1493 1
745 1437 1
749 1508 1
751 1513 1
752 1407 1
752 1401 1
757 1493 1
759 1440 1
763 1420 1
782 1500 1
784 1440 1
784 1501 1
785 1440 1
786 1531 1
789 1440 1
790 1493 1
794 1456 1
804 1522 1
813 1512 1
813 1513 1
815 1508 1
821 1440 1
821 1508 1
824 1440 1
825 1508 1
828 1407 1
830 1508 1
830 1513 1
832 1407 1
839 1375 1
839 1500 1
845 1394 1
848 1493 1
850 1401 1
850 1377 1
856 1508 1
861 1407 1
866 1407 1
868 1508 1
876 1542 1
877 1440 1
877 1431 1
878 1440 1
880 1404 1
882 1508 1
889 1514 1
891 1407 1
896 1401 1
899 1485 1
900 1508 1
906 1493 1
907 1493 1
908 1493 1
911 1431 1
912 1513 1
914 1493 1
916 1522 1
917 1404 1
918 1493 1
920 1404 1
929 1492 1
930 1508 1
932 1508 1
933 1493 1
933 1500 1
935 1440 1
937 1529 1
940 1529 1
943 1522 1
945 1486 1
950 1413 1
952 1493 1
958 1522 1
959 1493 1
962 1452 1
972 1522 1
979 1508 1
983 1493 1
983 1508 1
984 1508 1
987 1493 1
989 1437 1
989 1508 1
989 1522 1
992 1403 1
993 1375 1
996 1493 1
1002 1493 1
1008 1493 1
1010 1403 1
1013 1544 1
1014 1493 1
1017 1493 1
1018 1504 1
1024 1508 1
1032 1493 1
1033 1542 1
1037 1440 1
1037 1542 1
1039 1431 1
1042 1431 1
1047 1424 1
1047 1536 1
1048 1472 1
1048 1493 1
1055 1542 1
1056 1493 1
1057 1493 1
1061 1493 1
1061 1508 1
1065 1514 1
1069 1522 1
1070 1448 1
1075 1493 1
1077 1508 1
1078 1394 1
1082 1464 1
1083 1408 1
1092 1463 1
1093 1440 1
1094 1493 1
1098 1401 1
1101 1493 1
1103 1374 1
1104 1440 1
1104 1493 1
1105 1508 1
1108 1508 1
1109 1407 1
1109 1493 1
1109 1508 1
1110 1508 1
1113 1493 1
1114 1493 1
1117 1542 1
1119 1508 1
1121 1401 1
1121 1493 1
1123 1440 1
1126 1420 1
1127 1440 1
1128 1407 1
1132 1514 1
1138 1525 1
1139 1413 1
1143 1493 1
1153 1508 1
1154 1522 1
1156 1522 1
1160 1493 1
1164 1513 1
1167 1440 1
1167 1493 1
1168 1508 1
1171 1522 1
1172 1504 1
1173 1431 1
1173 1506 1
1179 1440 1
1183 1404 1
1184 1464 1
1187 1440 1
1187 1508 1
1196 1382 1
1202 1406 1
1206 1380 1
1207 1380 1
1207 1530 1
1208 1522 1
1208 1529 1
1212 1460 1
1215 1384 1
1218 1522 1
1227 1493 1
1227 1513 1
1244 1395 1
1245 1407 1
1257 1508 1
1262 1427 1
1263 1440 1
1265 1486 1
1280 1440 1
1283 1508 1
1284 1508 1
1285 1455 1
1296 1440 1
1299 1407 1
1302 1407 1
1304 1508 1
1305 1431 1
1308 1407 1
1313 1493 1
1313 1508 1
1316 1411 1
1316 1493 1
1316 1508 1
1316 1513 1
1322 1493 1
1323 1522 1
1323 1481 1
1324 1508 1
1328 1437 1
1336 1493 1
1338 1504 1
1341 1440 1
1343 1508 1
1343 1438 1
1343 1413 1
1343 1511 1
1346 1493 1
1348 1456 1
1359 1508 1
1364 1493 1
1370 1402 1
10 1530 1
11 1530 1
12 1530 1
15 1493 1
17 1508 1
18 1513 1
20 1513 1
22 1522 1
24 1493 1
24 1508 1
25 1513 1
27 1508 1
29 1493 1
29 1508 1
30 1493 1
32 1407 1
35 1522 1
36 1508 1
42 1522 1
45 1380 1
52 1508 1
52 1514 1
53 1514 1
54 1514 1
56 1493 1
58 1493 1
59 1493 1
61 1493 1
73 1407 1
78 1508 1
79 1508 1
84 1508 1
88 1375 1
88 1493 1
97 1440 1
113 1522 1
114 1407 1
119 1522 1
120 1522 1
123 1493 1
129 1394 1
130 1394 1
132 1522 1
134 1437 1
134 1513 1
134 1522 1
136 1508 1
137 1466 1
137 1508 1
138 1440 1
138 1466 1
138 1476 1
141 1476 1
142 1476 1
147 1493 1
148 1493 1
150 1407 1
150 1493 1
151 1493 1
154 1407 1
155 1493 1
160 1493 1
161 1493 1
163 1508 1
166 1493 1
167 1380 1
167 1522 1
175 1493 1
176 1440 1
179 1407 1
183 1519 1
184 1508 1
185 1508 1
185 1519 1
186 1493 1
186 1508 1
190 1508 1
196 1493 1
197 1529 1
200 1440 1
201 1449 1
202 1508 1
204 1514 1
208 1508 1
213 1514 1
223 1403 1
224 1401 1
226 1493 1
230 1493 1
233 1514 1
235 1514 1
236 1513 1
241 1539 1
248 1514 1
251 1508 1
255 1438 1
255 1439 1
257 1439 1
257 1513 1
258 1439 1
258 1493 1
261 1439 1
263 1407 1
264 1493 1
266 1407 1
279 1508 1
280 1489 1
280 1508 1
280 1522 1
297 1448 1
303 1514 1
304 1508 1
306 1508 1
306 1514 1
308 1449 1
310 1508 1
314 1493 1
315 1514 1
317 1407 1
318 1514 1
323 1513 1
326 1508 1
334 1493 1
338 1508 1
340 1440 1
341 1440 1
342 1542 1
349 1493 1
350 1448 1
355 1539 1
359 1514 1
361 1493 1
364 1407 1
365 1508 1
367 1500 1
368 1500 1
376 1493 1
378 1383 1
385 1493 1
386 1394 1
387 1407 1
388 1394 1
389 1489 1
393 1493 1
394 1493 1
398 1493 1
400 1493 1
404 1493 1
412 1493 1
418 1489 1
425 1505 1
428 1522 1
438 1440 1
443 1472 1
444 1407 1
448 1493 1
450 1493 1
452 1431 1
454 1508 1
455 1542 1
458 1486 1
464 1440 1
464 1401 1
464 1508 1
465 1420 1
467 1522 1
471 1404 1
472 1401 1
475 1542 1
482 1488 1
485 1440 1
486 1526 1
488 1407 1
490 1424 1
493 1378 1
493 1390 1
493 1493 1
493 1497 1
493 1504 1
495 1461 1
498 1493 1
504 1518 1
504 1409 1
505 1461 1
507 1493 1
508 1407 1
510 1407 1
515 1493 1
519 1449 1
525 1461 1
530 1407 1
532 1493 1
533 1402 1
535 1380 1
537 1415 1
537 1508 1
537 1440 1
540 1440 1
549 1508 1
554 1420 1
554 1525 1
561 1397 1
562 1394 1
562 1375 1
564 1472 1
566 1440 1
567 1440 1
569 1404 1
571 1508 1
572 1526 1
574 1472 1
581 1513 1
582 1508 1
583 1394 1
586 1407 1
587 1508 1
588 1493 1
594 1541 1
598 1493 1
598 1448 1
598 1477 1
601 1514 1
604 1508 1
605 1506 1
610 1407 1
613 1522 1
615 1526 1
616 1407 1
619 1481 1
623 1513 1
625 1493 1
625 1508 1
629 1493 1
633 1493 1
633 1544 1
633 1522 1
633 1468 1
635 1467 1
636 1420 1
637 1493 1
644 1508 1
645 1514 1
649 1513 1
656 1508 1
661 1508 1
671 1448 1
679 1522 1
680 1508 1
681 1508 1
683 1472 1
686 1429 1
696 1508 1
698 1375 1
698 1421 1
700 1522 1
701 1467 1
702 1500 1
706 1493 1
708 1440 1
709 1440 1
710 1492 1
712 1508 1
712 1514 1
719 1508 1
720 1513 1
721 1518 1
723 1394 1
726 1493 1
730 1430 1
731 1382 1
731 1496 1
735 1522 1
738 1401 1
741 1394 1
747 1472 1
748 1407 1
750 1406 1
752 1508 1
761 1542 1
770 1440 1
772 1493 1
772 1518 1
773 1508 1
776 1522 1
776 1493 1
779 1500 1
785 1493 1
786 1528 1
788 1529 1
795 1493 1
798 1398 1
799 1440 1
799 1394 1
800 1508 1
801 1493 1
804 1380 1
806 1541 1
807 1542 1
808 1518 1
812 1407 1
813 1401 1
813 1493 1
813 1508 1
813 1510 1
814 1508 1
826 1410 1
826 1412 1
826 1414 1
829 1493 1
829 1508 1
830 1493 1
834 1493 1
839 1493 1
847 1460 1
850 1484 1
851 1493 1
852 1493 1
857 1508 1
858 1440 1
859 1493 1
864 1448 1
867 1407 1
871 1407 1
875 1414 1
884 1522 1
887 1493 1
888 1514 1
890 1407 1
891 1388 1
891 1445 1
894 1511 1
894 1517 1
895 1440 1
897 1522 1
898 1522 1
898 1530 1
899 1392 1
911 1508 1
912 1493 1
922 1513 1
922 1405 1
924 1448 1
926 1407 1
927 1514 1
928 1394 1
933 1394 1
934 1514 1
937 1528 1
938 1493 1
939 1522 1
942 1424 1
951 1493 1
953 1431 1
954 1493 1
958 1437 1
958 1508 1
961 1525 1
962 1419 1
962 1487 1
965 1407 1
966 1407 1
970 1518 1
971 1522 1
984 1472 1
985 1472 1
985 1493 1
986 1472 1
986 1508 1
987 1508 1
990 1493 1
991 1522 1
995 1493 1
999 1493 1
1000 1493 1
1003 1493 1
1004 1493 1
1005 1487 1
1006 1493 1
1010 1401 1
1021 1407 1
1023 1407 1
1025 1405 1
1027 1421 1
1027 1480 1
1027 1488 1
1027 1508 1
1029 1525 1
1032 1440 1
1032 1542 1
1033 1440 1
1038 1440 1
1048 1508 1
1052 1440 1
1056 1518 1
1061 1375 1
1061 1522 1
1064 1407 1
1066 1522 1
1073 1480 1
1079 1508 1
1084 1508 1
1087 1493 1
1087 1508 1
1095 1467 1
1106 1493 1
1111 1508 1
1114 1394 1
1123 1489 1
1124 1407 1
1129 1508 1
1130 1508 1
1132 1508 1
1134 1487 1
1144 1407 1
1145 1489 1
1146 1375 1
1150 1508 1
1151 1502 1
1153 1513 1
1163 1486 1
1165 1544 1
1166 1407 1
1167 1542 1
1174 1508 1
1176 1483 1
1177 1522 1
1179 1493 1
1192 1404 1
1197 1440 1
1203 1493 1
1204 1522 1
1205 1522 1
1207 1522 1
1209 1508 1
1211 1513 1
1212 1461 1
1213 1380 1
1219 1407 1
1221 1518 1
1223 1508 1
1225 1407 1
1225 1508 1
1227 1469 1
1236 1522 1
1237 1522 1
1238 1518 1
1239 1522 1
1242 1495 1
1243 1381 1
1243 1440 1
1243 1533 1
1246 1493 1
1248 1522 1
1250 1522 1
1251 1481 1
1256 1508 1
1259 1406 1
1280 1489 1
1281 1530 1
1282 1440 1
1289 1461 1
1291 1485 1
1292 1407 1
1293 1493 1
1294 1493 1
1303 1440 1
1303 1522 1
1307 1436 1
1313 1403 1
1315 1407 1
1318 1541 1
1319 1541 1
1321 1508 1
1327 1542 1
1330 1508 1
1338 1440 1
1341 1508 1
1342 1407 1
1343 1437 1
1343 1512 1
1345 1382 1
1348 1457 1
1349 1481 1
1356 1437 1
1357 1437 1
1358 1407 1
1360 1407 1
1361 1407 1
1363 1464 1
1363 1465 1
1365 1461 1
1366 1440 1
1367 1493 1
1370 1469 1
