4 149 1
5 169 1
11 7 1
11 149 1
18 120 1
19 140 1
20 120 1
21 64 1
21 135 1
21 149 1
23 120 1
25 120 1
26 135 1
28 149 1
34 75 1
35 135 1
36 120 1
41 135 1
41 141 1
43 7 1
43 149 1
44 7 1
45 149 1
46 157 1
70 141 1
74 34 1
76 34 1
82 135 1
89 169 1
94 135 1
95 135 1
95 141 1
101 140 1
103 127 1
105 127 1
106 127 1
108 120 1
115 120 1
126 2 1
128 21 1
130 103 1
132 135 1
132 140 1
135 120 1
135 149 1
138 21 1
138 135 1
139 135 1
140 67 1
140 120 1
141 21 1
141 135 1
142 120 1
143 135 1
145 120 1
149 34 1
152 120 1
156 120 1
162 135 1
164 140 1
168 135 1
169 120 1
181 166 1
181 171 1
182 120 1
183 135 1
192 120 1
193 120 1
197 147 1
203 120 1
209 141 1
211 141 1
214 120 1
217 141 1
218 7 1
218 157 1
219 149 1
220 149 1
225 149 1
232 141 1
236 135 1
242 135 1
244 166 1
244 171 1
246 7 1
247 135 1
247 141 1
250 135 1
252 135 1
255 120 1
257 65 1
257 120 1
258 65 1
258 135 1
259 135 1
261 135 1
263 120 1
265 120 1
272 75 1
274 141 1
275 141 1
277 120 1
278 149 1
278 157 1
279 149 1
281 149 1
283 120 1
289 21 1
293 140 1
295 127 1
298 135 1
302 75 1
304 141 1
307 10 1
307 130 1
309 135 1
311 34 1
312 120 1
312 135 1
315 135 1
317 19 1
322 140 1
326 21 1
326 140 1
331 141 1
332 120 1
343 141 1
346 34 1
351 135 1
352 120 1
353 171 1
356 120 1
359 135 1
360 28 1
366 120 1
366 135 1
372 127 1
375 120 1
378 130 1
379 120 1
383 120 1
391 120 1
402 120 1
403 131 1
411 135 1
414 34 1
420 83 1
420 165 1
424 120 1
427 34 1
428 6 1
429 149 1
430 34 1
435 67 1
438 104 1
441 108 1
442 21 1
447 16 1
450 127 1
454 120 1
455 120 1
462 94 1
464 105 1
464 30 1
466 21 1
468 30 1
469 47 1
472 135 1
476 99 1
477 34 1
483 120 1
502 31 1
503 120 1
504 135 1
504 120 1
506 127 1
513 34 1
515 135 1
515 140 1
516 164 1
517 149 1
522 120 1
532 135 1
534 149 1
535 149 1
536 149 1
539 67 1
540 34 1
540 135 1
542 57 1
543 140 1
546 67 1
548 152 1
550 152 1
551 24 1
552 47 1
555 120 1
556 21 1
556 94 1
556 149 1
565 67 1
566 120 1
569 120 1
569 152 1
581 135 1
584 149 1
585 135 1
587 67 1
594 169 1
603 50 1
606 67 1
608 135 1
617 120 1
618 67 1
623 67 1
623 96 1
628 114 1
631 147 1
631 156 1
633 116 1
633 131 1
633 9 1
634 120 1
635 120 1
639 70 1
640 105 1
648 141 1
656 141 1
658 141 1
660 135 1
660 141 1
663 120 1
666 67 1
669 67 1
672 34 1
675 135 1
678 7 1
679 157 1
697 58 1
698 94 1
701 67 1
701 120 1
701 127 1
702 2 1
702 94 1
702 120 1
704 135 1
705 141 1
713 141 1
716 34 1
720 135 1
721 149 1
727 57 1
728 57 1
731 135 1
731 140 1
731 149 1
732 135 1
733 120 1
738 120 1
740 28 1
743 131 1
745 135 1
746 135 1
747 78 1
752 39 1
752 35 1
753 67 1
754 135 1
754 141 1
756 120 1
757 135 1
757 67 1
758 34 1
760 169 1
762 75 1
764 47 1
766 34 1
768 88 1
775 120 1
775 140 1
777 67 1
780 127 1
784 161 1
784 135 1
786 148 1
789 57 1
793 57 1
796 153 1
798 69 1
801 147 1
802 21 1
805 168 1
810 34 1
813 136 1
813 138 1
816 135 1
817 140 1
818 120 1
819 169 1
823 34 1
825 120 1
826 34 1
827 34 1
827 36 1
829 140 1
833 135 1
835 149 1
836 120 1
839 67 1
839 135 1
841 31 1
845 67 1
846 67 1
849 120 1
850 30 1
856 120 1
862 67 1
863 135 1
869 169 1
873 75 1
874 149 1
879 149 1
881 34 1
882 169 1
886 67 1
892 88 1
896 30 1
897 157 1
899 67 1
902 120 1
905 120 1
909 19 1
909 112 1
909 34 1
910 19 1
913 140 1
922 120 1
922 11 1
923 120 1
933 135 1
934 135 1
937 150 1
937 158 1
939 156 1
941 168 1
942 98 1
942 135 1
947 149 1
948 120 1
949 154 1
957 67 1
958 120 1
967 135 1
968 2 1
974 149 1
976 21 1
978 135 1
980 117 1
984 120 1
986 120 1
988 64 1
988 140 1
990 140 1
997 120 1
998 120 1
1007 120 1
1009 120 1
1012 135 1
1013 166 1
1013 167 1
1015 131 1
1016 120 1
1016 131 1
1022 34 1
1025 135 1
1027 49 1
1031 67 1
1035 120 1
1036 87 1
1040 34 1
1044 135 1
1046 120 1
1049 53 1
1053 141 1
1058 145 1
1060 120 1
1061 21 1
1061 67 1
1062 135 1
1063 120 1
1065 135 1
1066 120 1
1069 64 1
1069 140 1
1074 120 1
1079 141 1
1081 135 1
1083 34 1
1084 47 1
1085 114 1
1088 67 1
1089 135 1
1090 149 1
1094 67 1
1100 120 1
1105 75 1
1107 83 1
1112 34 1
1113 34 1
1114 19 1
1119 9 1
1120 34 1
1121 99 1
1123 117 1
1125 131 1
1126 67 1
1126 101 1
1126 135 1
1127 120 1
1129 67 1
1135 120 1
1143 67 1
1146 135 1
1147 145 1
1156 120 1
1156 135 1
1157 135 1
1162 108 1
1165 166 1
1165 168 1
1175 88 1
1176 77 1
1181 120 1
1182 115 1
1185 67 1
1186 67 1
1187 140 1
1188 108 1
1195 140 1
1201 145 1
1203 67 1
1203 169 1
1204 157 1
1206 149 1
1210 34 1
1210 59 1
1210 64 1
1210 94 1
1217 120 1
1220 157 1
1224 120 1
1227 29 1
1227 67 1
1235 149 1
1238 135 1
1240 120 1
1248 157 1
1252 149 1
1256 120 1
1260 135 1
1262 67 1
1262 27 1
1264 113 1
1269 67 1
1273 67 1
1279 135 1
1280 120 1
1281 149 1
1295 120 1
1298 120 1
1300 34 1
1310 67 1
1313 108 1
1313 58 1
1316 35 1
1319 169 1
1320 135 1
1323 79 1
1326 145 1
1335 34 1
1337 67 1
1338 116 1
1339 120 1
1340 83 1
1341 120 1
1348 85 1
1351 3 1
1353 67 1
1354 120 1
1369 120 1
1370 135 1
1371 120 1
1372 34 1
1 135 1
3 135 1
6 135 1
7 169 1
15 64 1
17 140 1
19 120 1
19 149 1
20 64 1
20 135 1
20 149 1
22 64 1
22 120 1
23 140 1
25 135 1
26 140 1
27 140 1
28 135 1
29 64 1
29 149 1
30 135 1
30 140 1
31 34 1
36 64 1
43 157 1
46 149 1
49 135 1
50 141 1
54 135 1
55 141 1
63 120 1
64 120 1
67 120 1
72 34 1
86 135 1
87 67 1
91 34 1
92 141 1
100 140 1
102 127 1
110 140 1
112 115 1
118 120 1
121 149 1
124 120 1
125 120 1
126 120 1
127 141 1
129 103 1
133 149 1
134 120 1
136 64 1
136 120 1
137 21 1
137 103 1
137 120 1
140 21 1
141 67 1
143 21 1
143 93 1
143 103 1
143 120 1
144 120 1
146 120 1
154 120 1
157 120 1
158 120 1
163 140 1
165 149 1
168 140 1
172 120 1
173 120 1
180 120 1
183 120 1
184 120 1
185 120 1
187 135 1
188 146 1
189 146 1
193 135 1
194 120 1
198 120 1
202 141 1
205 120 1
206 141 1
207 135 1
215 141 1
218 149 1
221 30 1
222 135 1
224 30 1
226 146 1
237 135 1
241 171 1
245 120 1
249 2 1
255 140 1
257 64 1
257 135 1
260 141 1
261 120 1
262 135 1
266 120 1
267 141 1
269 21 1
276 120 1
284 21 1
286 135 1
286 141 1
287 21 1
291 120 1
292 135 1
293 135 1
294 135 1
301 135 1
312 146 1
314 146 1
319 135 1
319 141 1
320 141 1
321 21 1
324 127 1
327 127 1
330 120 1
331 135 1
336 75 1
338 141 1
339 166 1
339 171 1
344 135 1
344 141 1
353 166 1
353 168 1
355 171 1
357 135 1
369 127 1
373 169 1
374 34 1
377 120 1
390 67 1
392 120 1
396 67 1
399 120 1
409 120 1
413 114 1
421 120 1
423 41 1
426 34 1
428 44 1
432 34 1
435 112 1
438 117 1
443 21 1
446 88 1
449 149 1
450 21 1
450 171 1
453 67 1
457 88 1
457 87 1
461 34 1
462 120 1
465 99 1
472 30 1
474 108 1
476 109 1
486 75 1
492 67 1
493 77 1
493 110 1
494 67 1
499 140 1
501 19 1
504 64 1
504 34 1
511 75 1
515 64 1
518 156 1
519 130 1
520 76 1
523 67 1
529 108 1
533 140 1
537 149 1
541 120 1
545 120 1
547 47 1
547 152 1
550 67 1
553 67 1
555 67 1
557 67 1
558 67 1
562 152 1
565 152 1
565 99 1
568 153 1
569 104 1
570 28 1
570 30 1
571 67 1
575 152 1
575 21 1
580 135 1
583 67 1
585 149 1
589 67 1
590 145 1
592 34 1
594 28 1
594 30 1
598 21 1
598 135 1
599 67 1
605 105 1
606 112 1
611 74 1
612 58 1
612 67 1
613 34 1
614 67 1
615 120 1
615 152 1
620 67 1
622 159 1
623 29 1
625 67 1
625 166 1
626 67 1
631 149 1
632 147 1
632 156 1
633 67 1
633 43 1
633 62 1
633 123 1
638 120 1
640 67 1
644 141 1
649 135 1
650 65 1
658 135 1
659 141 1
664 88 1
665 120 1
668 120 1
668 140 1
672 41 1
673 41 1
677 34 1
678 120 1
678 157 1
682 120 1
685 88 1
687 135 1
689 57 1
692 120 1
695 120 1
698 140 1
699 120 1
700 7 1
702 67 1
703 141 1
707 88 1
708 135 1
709 120 1
710 141 1
711 141 1
714 135 1
721 120 1
729 34 1
730 34 1
731 62 1
731 95 1
731 131 1
732 67 1
734 75 1
739 120 1
742 108 1
744 135 1
745 140 1
747 21 1
749 67 1
752 41 1
752 140 1
753 153 1
755 94 1
765 34 1
769 34 1
774 120 1
786 149 1
786 156 1
787 120 1
788 147 1
789 135 1
791 67 1
797 75 1
799 58 1
803 33 1
804 157 1
805 120 1
806 120 1
809 67 1
821 169 1
821 172 1
822 152 1
825 64 1
826 36 1
831 149 1
832 135 1
838 83 1
839 28 1
839 94 1
842 31 1
844 149 1
847 88 1
850 67 1
850 120 1
852 167 1
853 167 1
854 168 1
872 34 1
876 67 1
876 135 1
883 120 1
885 34 1
889 135 1
894 135 1
894 142 1
894 143 1
909 148 1
910 34 1
913 120 1
919 31 1
921 31 1
922 135 1
922 34 1
925 88 1
937 151 1
943 120 1
950 120 1
955 135 1
963 47 1
963 67 1
963 152 1
964 120 1
967 58 1
967 115 1
970 75 1
970 105 1
973 149 1
980 120 1
980 94 1
982 135 1
983 99 1
985 135 1
987 149 1
988 120 1
989 120 1
990 135 1
992 28 1
993 120 1
994 120 1
1004 64 1
1004 140 1
1012 64 1
1012 120 1
1027 154 1
1028 33 1
1030 135 1
1038 172 1
1039 67 1
1042 67 1
1043 88 1
1048 140 1
1054 131 1
1059 140 1
1061 94 1
1066 64 1
1067 67 1
1070 145 1
1076 120 1
1083 36 1
1083 38 1
1084 152 1
1086 34 1
1088 58 1
1091 135 1
1093 120 1
1095 67 1
1096 21 1
1097 120 1
1099 120 1
1103 102 1
1108 120 1
1110 34 1
1111 34 1
1112 120 1
1114 0 1
1114 1 1
1116 135 1
1118 34 1
1119 120 1
1122 51 1
1123 94 1
1123 131 1
1133 135 1
1136 135 1
1138 120 1
1140 47 1
1141 47 1
1143 149 1
1143 135 1
1146 34 1
1146 141 1
1149 34 1
1155 34 1
1156 64 1
1156 140 1
1158 120 1
1159 149 1
1164 152 1
1165 167 1
1169 135 1
1176 120 1
1176 124 1
1178 135 1
1179 28 1
1179 30 1
1179 135 1
1194 31 1
1195 135 1
1196 120 1
1198 67 1
1200 140 1
1210 120 1
1211 135 1
1213 149 1
1216 120 1
1222 64 1
1225 120 1
1225 140 1
1227 135 1
1228 135 1
1229 135 1
1233 152 1
1234 67 1
1239 157 1
1241 122 1
1243 14 1
1244 26 1
1246 135 1
1247 168 1
1255 67 1
1258 73 1
1258 99 1
1261 34 1
1267 67 1
1271 113 1
1275 67 1
1276 67 1
1278 169 1
1287 58 1
1290 34 1
1291 19 1
1291 67 1
1294 135 1
1296 58 1
1299 149 1
1305 67 1
1305 135 1
1309 88 1
1309 87 1
1311 34 1
1313 145 1
1316 36 1
1317 34 1
1323 135 1
1325 64 1
1328 135 1
1330 64 1
1331 135 1
1332 75 1
1334 34 1
1338 94 1
1340 67 1
1341 169 1
1343 12 1
1343 140 1
1347 108 1
1352 67 1
1368 120 1
1370 67 1
1370 140 1
0 169 1
8 120 1
12 149 1
14 7 1
15 135 1
15 140 1
16 64 1
16 120 1
17 64 1
17 120 1
18 64 1
18 135 1
19 64 1
22 140 1
23 64 1
24 149 1
25 149 1
26 64 1
26 120 1
26 149 1
27 120 1
27 149 1
28 120 1
30 64 1
30 149 1
37 34 1
44 157 1
45 157 1
47 7 1
48 141 1
49 141 1
51 141 1
55 135 1
60 120 1
62 120 1
65 120 1
66 120 1
69 135 1
71 34 1
80 135 1
81 135 1
85 135 1
92 135 1
98 67 1
104 127 1
111 115 1
115 67 1
117 120 1
129 135 1
132 64 1
133 64 1
134 135 1
135 135 1
136 140 1
138 120 1
139 103 1
139 120 1
140 93 1
140 135 1
141 93 1
142 21 1
142 93 1
142 135 1
145 169 1
146 135 1
146 169 1
149 120 1
151 34 1
153 120 1
159 120 1
162 140 1
170 120 1
171 120 1
173 67 1
175 67 1
177 67 1
178 120 1
180 146 1
187 146 1
188 135 1
190 120 1
190 146 1
191 146 1
193 146 1
195 120 1
197 149 1
198 135 1
198 146 1
199 120 1
204 135 1
205 135 1
206 135 1
209 135 1
210 141 1
211 135 1
214 146 1
216 135 1
217 135 1
222 141 1
229 120 1
231 149 1
237 140 1
242 141 1
248 135 1
249 120 1
249 128 1
249 135 1
250 141 1
251 141 1
254 135 1
254 141 1
255 67 1
256 141 1
257 67 1
258 64 1
258 140 1
259 141 1
261 65 1
261 140 1
262 141 1
264 34 1
265 34 1
275 135 1
282 135 1
282 141 1
285 141 1
290 141 1
292 141 1
296 127 1
298 141 1
299 135 1
300 120 1
301 141 1
303 135 1
314 135 1
316 141 1
318 135 1
320 135 1
325 140 1
328 127 1
329 127 1
333 141 1
335 120 1
343 135 1
345 120 1
348 67 1
358 171 1
362 120 1
370 127 1
382 34 1
384 120 1
388 103 1
388 135 1
389 94 1
389 135 1
389 149 1
395 120 1
405 120 1
406 120 1
408 120 1
411 140 1
415 149 1
422 80 1
427 116 1
428 135 1
435 19 1
436 135 1
438 118 1
439 67 1
440 120 1
443 47 1
445 99 1
451 169 1
454 169 1
456 34 1
459 34 1
460 140 1
462 67 1
464 120 1
464 58 1
470 34 1
472 120 1
478 2 1
478 120 1
480 120 1
484 67 1
487 140 1
489 51 1
496 34 1
497 135 1
499 135 1
504 38 1
514 34 1
515 149 1
517 156 1
518 149 1
519 10 1
520 130 1
523 135 1
526 122 1
527 135 1
532 67 1
533 67 1
533 96 1
533 120 1
533 135 1
537 120 1
538 34 1
539 135 1
541 30 1
541 57 1
547 99 1
549 99 1
550 161 1
550 47 1
553 135 1
555 40 1
556 99 1
556 135 1
557 47 1
559 67 1
560 120 1
566 135 1
572 67 1
572 135 1
574 47 1
577 67 1
578 34 1
579 135 1
590 120 1
591 149 1
594 166 1
595 120 1
597 75 1
598 67 1
598 117 1
598 108 1
600 34 1
607 135 1
609 58 1
614 149 1
615 47 1
615 68 1
622 34 1
632 149 1
633 169 1
633 60 1
641 120 1
647 67 1
651 149 1
652 106 1
654 87 1
655 135 1
659 135 1
662 115 1
667 120 1
667 140 1
674 120 1
676 135 1
676 141 1
678 149 1
687 140 1
688 57 1
690 57 1
693 120 1
695 7 1
695 149 1
695 157 1
701 2 1
704 32 1
714 141 1
719 67 1
722 88 1
731 57 1
731 43 1
731 60 1
734 67 1
736 67 1
736 115 1
738 30 1
745 149 1
749 120 1
752 30 1
767 34 1
771 67 1
771 58 1
775 127 1
778 127 1
781 127 1
783 120 1
784 162 1
786 147 1
788 149 1
789 149 1
792 57 1
811 34 1
819 67 1
820 135 1
825 140 1
825 149 1
832 140 1
837 134 1
840 31 1
843 34 1
845 135 1
850 166 1
850 167 1
854 120 1
855 120 1
860 34 1
865 108 1
870 120 1
882 120 1
892 81 1
893 122 1
895 21 1
898 7 1
901 75 1
901 145 1
903 120 1
904 120 1
909 67 1
909 149 1
909 154 1
910 67 1
910 112 1
910 2 1
915 149 1
922 71 1
922 31 1
922 2 1
925 87 1
931 135 1
932 141 1
933 171 1
936 67 1
937 149 1
938 135 1
940 149 1
942 64 1
944 120 1
946 120 1
948 9 1
950 67 1
956 34 1
958 140 1
960 31 1
961 135 1
962 47 1
967 67 1
969 34 1
970 34 1
975 21 1
977 135 1
980 67 1
980 116 1
980 131 1
980 168 1
981 120 1
987 64 1
987 140 1
988 135 1
988 149 1
989 140 1
990 64 1
990 149 1
1001 120 1
1004 135 1
1004 149 1
1011 114 1
1012 140 1
1014 131 1
1017 131 1
1019 131 1
1020 34 1
1026 135 1
1031 149 1
1033 172 1
1034 120 1
1038 169 1
1041 120 1
1045 120 1
1050 45 1
1051 67 1
1053 135 1
1055 67 1
1059 135 1
1066 135 1
1066 140 1
1068 131 1
1069 120 1
1069 135 1
1071 31 1
1072 31 1
1073 135 1
1080 172 1
1088 115 1
1098 30 1
1102 162 1
1103 78 1
1108 34 1
1110 120 1
1111 120 1
1112 135 1
1113 135 1
1115 99 1
1116 120 1
1127 135 1
1131 67 1
1137 120 1
1138 99 1
1139 120 1
1142 120 1
1143 65 1
1143 115 1
1148 145 1
1152 120 1
1161 135 1
1164 135 1
1170 113 1
1173 67 1
1176 17 1
1180 67 1
1180 120 1
1181 149 1
1181 145 1
1184 52 1
1184 89 1
1189 88 1
1190 91 1
1191 88 1
1191 87 1
1193 31 1
1199 31 1
1214 67 1
1220 149 1
1221 120 1
1225 67 1
1226 120 1
1230 135 1
1231 82 1
1232 67 1
1234 169 1
1238 120 1
1238 32 1
1241 33 1
1244 23 1
1248 7 1
1249 120 1
1253 88 1
1254 168 1
1256 67 1
1258 67 1
1266 113 1
1268 67 1
1270 67 1
1272 67 1
1274 113 1
1277 120 1
1281 7 1
1282 128 1
1286 34 1
1288 120 1
1291 125 1
1297 67 1
1301 67 1
1306 135 1
1312 34 1
1313 67 1
1313 28 1
1314 120 1
1316 34 1
1318 169 1
1323 18 1
1323 67 1
1324 64 1
1325 135 1
1329 64 1
1329 135 1
1331 64 1
1333 34 1
1333 36 1
1333 149 1
1338 117 1
1343 136 1
1343 137 1
1344 67 1
1345 67 1
1350 65 1
1355 34 1
1362 88 1
1369 67 1
1369 135 1
1370 120 1
10 157 1
11 157 1
12 157 1
15 120 1
17 135 1
18 140 1
20 140 1
22 149 1
24 120 1
24 135 1
25 140 1
27 135 1
29 120 1
29 135 1
30 120 1
32 34 1
35 149 1
36 135 1
42 149 1
45 7 1
52 135 1
52 141 1
53 141 1
54 141 1
56 120 1
58 120 1
59 120 1
61 120 1
73 34 1
78 135 1
79 135 1
84 135 1
88 2 1
88 120 1
97 67 1
113 149 1
114 34 1
119 149 1
120 149 1
123 120 1
129 21 1
130 21 1
132 149 1
134 64 1
134 140 1
134 149 1
136 135 1
137 93 1
137 135 1
138 67 1
138 93 1
138 103 1
141 103 1
142 103 1
147 120 1
148 120 1
150 34 1
150 120 1
151 120 1
154 34 1
155 120 1
160 120 1
161 120 1
163 135 1
166 120 1
167 7 1
167 149 1
175 120 1
176 67 1
179 34 1
183 146 1
184 135 1
185 135 1
185 146 1
186 120 1
186 135 1
190 135 1
196 120 1
197 156 1
200 67 1
201 76 1
202 135 1
204 141 1
208 135 1
213 141 1
223 30 1
224 28 1
226 120 1
230 120 1
233 141 1
235 141 1
236 140 1
241 166 1
248 141 1
251 135 1
255 65 1
255 66 1
257 66 1
257 140 1
258 66 1
258 120 1
261 66 1
263 34 1
264 120 1
266 34 1
279 135 1
280 116 1
280 135 1
280 149 1
297 75 1
303 141 1
304 135 1
306 135 1
306 141 1
308 76 1
310 135 1
314 120 1
315 141 1
317 34 1
318 141 1
323 140 1
326 135 1
334 120 1
338 135 1
340 67 1
341 67 1
342 169 1
349 120 1
350 75 1
355 166 1
359 141 1
361 120 1
364 34 1
365 135 1
367 127 1
368 127 1
376 120 1
378 10 1
385 120 1
386 21 1
387 34 1
388 21 1
389 116 1
393 120 1
394 120 1
398 120 1
400 120 1
404 120 1
412 120 1
418 116 1
425 132 1
428 149 1
438 67 1
443 99 1
444 34 1
448 120 1
450 120 1
452 58 1
454 135 1
455 169 1
458 113 1
464 67 1
464 28 1
464 135 1
465 47 1
467 149 1
471 31 1
472 28 1
475 169 1
482 115 1
485 67 1
486 153 1
488 34 1
490 51 1
493 5 1
493 17 1
493 120 1
493 124 1
493 131 1
495 88 1
498 120 1
504 145 1
504 36 1
505 88 1
507 120 1
508 34 1
510 34 1
515 120 1
519 76 1
525 88 1
530 34 1
532 120 1
533 29 1
535 7 1
537 42 1
537 135 1
537 67 1
540 67 1
549 135 1
554 47 1
554 152 1
561 24 1
562 21 1
562 2 1
564 99 1
566 67 1
567 67 1
569 31 1
571 135 1
572 153 1
574 99 1
581 140 1
582 135 1
583 21 1
586 34 1
587 135 1
588 120 1
594 168 1
598 120 1
598 75 1
598 104 1
601 141 1
604 135 1
605 133 1
610 34 1
613 149 1
615 153 1
616 34 1
619 108 1
623 140 1
625 120 1
625 135 1
629 120 1
633 120 1
633 171 1
633 149 1
633 95 1
635 94 1
636 47 1
637 120 1
644 135 1
645 141 1
649 140 1
656 135 1
661 135 1
671 75 1
679 149 1
680 135 1
681 135 1
683 99 1
686 56 1
696 135 1
698 2 1
698 48 1
700 149 1
701 94 1
702 127 1
706 120 1
708 67 1
709 67 1
710 119 1
712 135 1
712 141 1
719 135 1
720 140 1
721 145 1
723 21 1
726 120 1
730 57 1
731 9 1
731 123 1
735 149 1
738 28 1
741 21 1
747 99 1
748 34 1
750 33 1
752 135 1
761 169 1
770 67 1
772 120 1
772 145 1
773 135 1
776 149 1
776 120 1
779 127 1
785 120 1
786 155 1
788 156 1
795 120 1
798 25 1
799 67 1
799 21 1
800 135 1
801 120 1
804 7 1
806 168 1
807 169 1
808 145 1
812 34 1
813 28 1
813 120 1
813 135 1
813 137 1
814 135 1
826 37 1
826 39 1
826 41 1
829 120 1
829 135 1
830 120 1
834 120 1
839 120 1
847 87 1
850 111 1
851 120 1
852 120 1
857 135 1
858 67 1
859 120 1
864 75 1
867 34 1
871 34 1
875 41 1
884 149 1
887 120 1
888 141 1
890 34 1
891 15 1
891 72 1
894 138 1
894 144 1
895 67 1
897 149 1
898 149 1
898 157 1
899 19 1
911 135 1
912 120 1
922 140 1
922 32 1
924 75 1
926 34 1
927 141 1
928 21 1
933 21 1
934 141 1
937 155 1
938 120 1
939 149 1
942 51 1
951 120 1
953 58 1
954 120 1
958 64 1
958 135 1
961 152 1
962 46 1
962 114 1
965 34 1
966 34 1
970 145 1
971 149 1
984 99 1
985 99 1
985 120 1
986 99 1
986 135 1
987 135 1
990 120 1
991 149 1
995 120 1
999 120 1
1000 120 1
1003 120 1
1004 120 1
1005 114 1
1006 120 1
1010 28 1
1021 34 1
1023 34 1
1025 32 1
1027 48 1
1027 107 1
1027 115 1
1027 135 1
1029 152 1
1032 67 1
1032 169 1
1033 67 1
1038 67 1
1048 135 1
1052 67 1
1056 145 1
1061 2 1
1061 149 1
1064 34 1
1066 149 1
1073 107 1
1079 135 1
1084 135 1
1087 120 1
1087 135 1
1095 94 1
1106 120 1
1111 135 1
1114 21 1
1123 116 1
1124 34 1
1129 135 1
1130 135 1
1132 135 1
1134 114 1
1144 34 1
1145 116 1
1146 2 1
1150 135 1
1151 129 1
1153 140 1
1163 113 1
1165 171 1
1166 34 1
1167 169 1
1174 135 1
1176 110 1
1177 149 1
1179 120 1
1192 31 1
1197 67 1
1203 120 1
1204 149 1
1205 149 1
1207 149 1
1209 135 1
1211 140 1
1212 88 1
1213 7 1
1219 34 1
1221 145 1
1223 135 1
1225 34 1
1225 135 1
1227 96 1
1236 149 1
1237 149 1
1238 145 1
1239 149 1
1242 122 1
1243 8 1
1243 67 1
1243 160 1
1246 120 1
1248 149 1
1250 149 1
1251 108 1
1256 135 1
1259 33 1
1280 116 1
1281 157 1
1282 67 1
1289 88 1
1291 112 1
1292 34 1
1293 120 1
1294 120 1
1303 67 1
1303 149 1
1307 63 1
1313 30 1
1315 34 1
1318 168 1
1319 168 1
1321 135 1
1327 169 1
1330 135 1
1338 67 1
1341 135 1
1342 34 1
1343 64 1
1343 139 1
1345 9 1
1348 84 1
1349 108 1
1356 64 1
1357 64 1
1358 34 1
1360 34 1
1361 34 1
1363 91 1
1363 92 1
1365 88 1
1366 67 1
1367 120 1
1370 96 1
