1.105000000000000000e+03 1.460000000000000000e+03 1.000000000000000000e+00
2.660000000000000000e+02 1.407000000000000000e+03 1.000000000000000000e+00
4.590000000000000000e+02 1.381000000000000000e+03 1.000000000000000000e+00
5.820000000000000000e+02 1.508000000000000000e+03 1.000000000000000000e+00
2.800000000000000000e+02 1.522000000000000000e+03 1.000000000000000000e+00
1.165000000000000000e+03 1.544000000000000000e+03 1.000000000000000000e+00
1.021000000000000000e+03 1.377000000000000000e+03 1.000000000000000000e+00
1.061000000000000000e+03 1.522000000000000000e+03 1.000000000000000000e+00
5.630000000000000000e+02 1.391000000000000000e+03 1.000000000000000000e+00
1.111000000000000000e+03 1.508000000000000000e+03 1.000000000000000000e+00
2.940000000000000000e+02 1.446000000000000000e+03 1.000000000000000000e+00
7.070000000000000000e+02 1.407000000000000000e+03 1.000000000000000000e+00
1.281000000000000000e+03 1.379000000000000000e+03 1.000000000000000000e+00
1.221000000000000000e+03 1.518000000000000000e+03 1.000000000000000000e+00
1.219000000000000000e+03 1.481000000000000000e+03 1.000000000000000000e+00
5.100000000000000000e+02 1.407000000000000000e+03 1.000000000000000000e+00
2.640000000000000000e+02 1.493000000000000000e+03 1.000000000000000000e+00
1.300000000000000000e+03 1.488000000000000000e+03 1.000000000000000000e+00
6.930000000000000000e+02 1.378000000000000000e+03 1.000000000000000000e+00
2.300000000000000000e+02 1.389000000000000000e+03 1.000000000000000000e+00
1.600000000000000000e+02 1.493000000000000000e+03 1.000000000000000000e+00
3.270000000000000000e+02 1.474000000000000000e+03 1.000000000000000000e+00
4.830000000000000000e+02 1.437000000000000000e+03 1.000000000000000000e+00
1.084000000000000000e+03 1.508000000000000000e+03 1.000000000000000000e+00
1.278000000000000000e+03 1.519000000000000000e+03 1.000000000000000000e+00
3.070000000000000000e+02 1.449000000000000000e+03 1.000000000000000000e+00
6.150000000000000000e+02 1.453000000000000000e+03 1.000000000000000000e+00
1.226000000000000000e+03 1.378000000000000000e+03 1.000000000000000000e+00
1.178000000000000000e+03 1.510000000000000000e+03 1.000000000000000000e+00
7.830000000000000000e+02 1.442000000000000000e+03 1.000000000000000000e+00
5.300000000000000000e+02 1.407000000000000000e+03 1.000000000000000000e+00
3.220000000000000000e+02 1.382000000000000000e+03 1.000000000000000000e+00
5.720000000000000000e+02 1.526000000000000000e+03 1.000000000000000000e+00
1.058000000000000000e+03 1.471000000000000000e+03 1.000000000000000000e+00
1.330000000000000000e+03 1.508000000000000000e+03 1.000000000000000000e+00
3.610000000000000000e+02 1.493000000000000000e+03 1.000000000000000000e+00
7.360000000000000000e+02 1.380000000000000000e+03 1.000000000000000000e+00
9.100000000000000000e+01 1.443000000000000000e+03 1.000000000000000000e+00
2.900000000000000000e+01 1.508000000000000000e+03 1.000000000000000000e+00
1.291000000000000000e+03 1.485000000000000000e+03 1.000000000000000000e+00
2.460000000000000000e+02 1.447000000000000000e+03 1.000000000000000000e+00
0.000000000000000000e+00 1.402000000000000000e+03 1.000000000000000000e+00
1.039000000000000000e+03 1.420000000000000000e+03 1.000000000000000000e+00
6.490000000000000000e+02 1.513000000000000000e+03 1.000000000000000000e+00
2.510000000000000000e+02 1.530000000000000000e+03 1.000000000000000000e+00
1.304000000000000000e+03 1.475000000000000000e+03 1.000000000000000000e+00
1.334000000000000000e+03 1.514000000000000000e+03 1.000000000000000000e+00
1.366000000000000000e+03 1.440000000000000000e+03 1.000000000000000000e+00
3.490000000000000000e+02 1.493000000000000000e+03 1.000000000000000000e+00
9.980000000000000000e+02 1.399000000000000000e+03 1.000000000000000000e+00
1.223000000000000000e+03 1.440000000000000000e+03 1.000000000000000000e+00
1.027000000000000000e+03 1.480000000000000000e+03 1.000000000000000000e+00
1.349000000000000000e+03 1.481000000000000000e+03 1.000000000000000000e+00
4.580000000000000000e+02 1.486000000000000000e+03 1.000000000000000000e+00
6.950000000000000000e+02 1.408000000000000000e+03 1.000000000000000000e+00
1.095000000000000000e+03 1.467000000000000000e+03 1.000000000000000000e+00
1.480000000000000000e+02 1.493000000000000000e+03 1.000000000000000000e+00
4.270000000000000000e+02 1.410000000000000000e+03 1.000000000000000000e+00
4.200000000000000000e+01 1.522000000000000000e+03 1.000000000000000000e+00
8.910000000000000000e+02 1.388000000000000000e+03 1.000000000000000000e+00
7.770000000000000000e+02 1.529000000000000000e+03 1.000000000000000000e+00
1.152000000000000000e+03 1.413000000000000000e+03 1.000000000000000000e+00
7.430000000000000000e+02 1.498000000000000000e+03 1.000000000000000000e+00
2.420000000000000000e+02 1.497000000000000000e+03 1.000000000000000000e+00
2.230000000000000000e+02 1.403000000000000000e+03 1.000000000000000000e+00
8.940000000000000000e+02 1.517000000000000000e+03 1.000000000000000000e+00
7.230000000000000000e+02 1.394000000000000000e+03 1.000000000000000000e+00
5.150000000000000000e+02 1.493000000000000000e+03 1.000000000000000000e+00
1.262000000000000000e+03 1.487000000000000000e+03 1.000000000000000000e+00
5.500000000000000000e+02 1.542000000000000000e+03 1.000000000000000000e+00
8.260000000000000000e+02 1.414000000000000000e+03 1.000000000000000000e+00
7.990000000000000000e+02 1.394000000000000000e+03 1.000000000000000000e+00
5.800000000000000000e+02 1.401000000000000000e+03 1.000000000000000000e+00
7.080000000000000000e+02 1.440000000000000000e+03 1.000000000000000000e+00
1.410000000000000000e+02 1.476000000000000000e+03 1.000000000000000000e+00
3.490000000000000000e+02 1.526000000000000000e+03 1.000000000000000000e+00
5.620000000000000000e+02 1.394000000000000000e+03 1.000000000000000000e+00
7.100000000000000000e+02 1.492000000000000000e+03 1.000000000000000000e+00
5.400000000000000000e+02 1.440000000000000000e+03 1.000000000000000000e+00
7.080000000000000000e+02 1.456000000000000000e+03 1.000000000000000000e+00
2.080000000000000000e+02 1.508000000000000000e+03 1.000000000000000000e+00
1.173000000000000000e+03 1.533000000000000000e+03 1.000000000000000000e+00
9.850000000000000000e+02 1.493000000000000000e+03 1.000000000000000000e+00
8.130000000000000000e+02 1.510000000000000000e+03 1.000000000000000000e+00
1.056000000000000000e+03 1.518000000000000000e+03 1.000000000000000000e+00
1.277000000000000000e+03 1.463000000000000000e+03 1.000000000000000000e+00
1.055000000000000000e+03 1.446000000000000000e+03 1.000000000000000000e+00
9.220000000000000000e+02 1.513000000000000000e+03 1.000000000000000000e+00
7.600000000000000000e+01 1.469000000000000000e+03 1.000000000000000000e+00
1.190000000000000000e+02 1.522000000000000000e+03 1.000000000000000000e+00
5.540000000000000000e+02 1.525000000000000000e+03 1.000000000000000000e+00
7.210000000000000000e+02 1.397000000000000000e+03 1.000000000000000000e+00
8.340000000000000000e+02 1.493000000000000000e+03 1.000000000000000000e+00
4.930000000000000000e+02 1.493000000000000000e+03 1.000000000000000000e+00
9.420000000000000000e+02 1.424000000000000000e+03 1.000000000000000000e+00
1.174000000000000000e+03 1.489000000000000000e+03 1.000000000000000000e+00
8.130000000000000000e+02 1.508000000000000000e+03 1.000000000000000000e+00
1.002000000000000000e+03 1.477000000000000000e+03 1.000000000000000000e+00
1.900000000000000000e+02 1.508000000000000000e+03 1.000000000000000000e+00
5.350000000000000000e+02 1.380000000000000000e+03 1.000000000000000000e+00
1.040000000000000000e+03 1.401000000000000000e+03 1.000000000000000000e+00
3.360000000000000000e+02 1.484000000000000000e+03 1.000000000000000000e+00
5.600000000000000000e+01 1.493000000000000000e+03 1.000000000000000000e+00
1.660000000000000000e+02 1.493000000000000000e+03 1.000000000000000000e+00
1.005000000000000000e+03 1.487000000000000000e+03 1.000000000000000000e+00
6.330000000000000000e+02 1.493000000000000000e+03 1.000000000000000000e+00
1.330000000000000000e+03 1.454000000000000000e+03 1.000000000000000000e+00
7.570000000000000000e+02 1.430000000000000000e+03 1.000000000000000000e+00
6.340000000000000000e+02 1.375000000000000000e+03 1.000000000000000000e+00
3.260000000000000000e+02 1.508000000000000000e+03 1.000000000000000000e+00
6.800000000000000000e+02 1.509000000000000000e+03 1.000000000000000000e+00
7.680000000000000000e+02 1.482000000000000000e+03 1.000000000000000000e+00
1.048000000000000000e+03 1.508000000000000000e+03 1.000000000000000000e+00
7.380000000000000000e+02 1.401000000000000000e+03 1.000000000000000000e+00
1.353000000000000000e+03 1.543000000000000000e+03 1.000000000000000000e+00
2.130000000000000000e+02 1.491000000000000000e+03 1.000000000000000000e+00
4.440000000000000000e+02 1.407000000000000000e+03 1.000000000000000000e+00
2.100000000000000000e+02 1.445000000000000000e+03 1.000000000000000000e+00
8.500000000000000000e+02 1.484000000000000000e+03 1.000000000000000000e+00
7.630000000000000000e+02 1.510000000000000000e+03 1.000000000000000000e+00
7.800000000000000000e+02 1.438000000000000000e+03 1.000000000000000000e+00
1.003000000000000000e+03 1.493000000000000000e+03 1.000000000000000000e+00
4.820000000000000000e+02 1.488000000000000000e+03 1.000000000000000000e+00
3.380000000000000000e+02 1.508000000000000000e+03 1.000000000000000000e+00
2.040000000000000000e+02 1.465000000000000000e+03 1.000000000000000000e+00
1.300000000000000000e+02 1.394000000000000000e+03 1.000000000000000000e+00
5.190000000000000000e+02 1.449000000000000000e+03 1.000000000000000000e+00
1.107000000000000000e+03 1.376000000000000000e+03 1.000000000000000000e+00
4.000000000000000000e+02 1.412000000000000000e+03 1.000000000000000000e+00
1.315000000000000000e+03 1.407000000000000000e+03 1.000000000000000000e+00
2.580000000000000000e+02 1.493000000000000000e+03 1.000000000000000000e+00
4.300000000000000000e+01 1.490000000000000000e+03 1.000000000000000000e+00
4.750000000000000000e+02 1.542000000000000000e+03 1.000000000000000000e+00
3.040000000000000000e+02 1.508000000000000000e+03 1.000000000000000000e+00
1.321000000000000000e+03 1.504000000000000000e+03 1.000000000000000000e+00
7.520000000000000000e+02 1.418000000000000000e+03 1.000000000000000000e+00
8.800000000000000000e+01 1.507000000000000000e+03 1.000000000000000000e+00
7.520000000000000000e+02 1.508000000000000000e+03 1.000000000000000000e+00
6.510000000000000000e+02 1.449000000000000000e+03 1.000000000000000000e+00
1.390000000000000000e+02 1.451000000000000000e+03 1.000000000000000000e+00
1.106000000000000000e+03 1.493000000000000000e+03 1.000000000000000000e+00
1.340000000000000000e+02 1.517000000000000000e+03 1.000000000000000000e+00
3.890000000000000000e+02 1.489000000000000000e+03 1.000000000000000000e+00
1.073000000000000000e+03 1.446000000000000000e+03 1.000000000000000000e+00
1.920000000000000000e+02 1.374000000000000000e+03 1.000000000000000000e+00
1.320000000000000000e+02 1.522000000000000000e+03 1.000000000000000000e+00
1.238000000000000000e+03 1.518000000000000000e+03 1.000000000000000000e+00
1.032000000000000000e+03 1.542000000000000000e+03 1.000000000000000000e+00
7.860000000000000000e+02 1.474000000000000000e+03 1.000000000000000000e+00
5.830000000000000000e+02 1.394000000000000000e+03 1.000000000000000000e+00
4.390000000000000000e+02 1.435000000000000000e+03 1.000000000000000000e+00
4.930000000000000000e+02 1.378000000000000000e+03 1.000000000000000000e+00
1.306000000000000000e+03 1.403000000000000000e+03 1.000000000000000000e+00
1.068000000000000000e+03 1.464000000000000000e+03 1.000000000000000000e+00
2.530000000000000000e+02 1.479000000000000000e+03 1.000000000000000000e+00
1.205000000000000000e+03 1.522000000000000000e+03 1.000000000000000000e+00
7.860000000000000000e+02 1.528000000000000000e+03 1.000000000000000000e+00
7.800000000000000000e+01 1.508000000000000000e+03 1.000000000000000000e+00
9.870000000000000000e+02 1.508000000000000000e+03 1.000000000000000000e+00
6.300000000000000000e+02 1.520000000000000000e+03 1.000000000000000000e+00
1.005000000000000000e+03 1.518000000000000000e+03 1.000000000000000000e+00
1.610000000000000000e+02 1.493000000000000000e+03 1.000000000000000000e+00
1.358000000000000000e+03 1.488000000000000000e+03 1.000000000000000000e+00
8.130000000000000000e+02 1.493000000000000000e+03 1.000000000000000000e+00
1.750000000000000000e+02 1.493000000000000000e+03 1.000000000000000000e+00
4.770000000000000000e+02 1.398000000000000000e+03 1.000000000000000000e+00
1.360000000000000000e+02 1.508000000000000000e+03 1.000000000000000000e+00
8.690000000000000000e+02 1.417000000000000000e+03 1.000000000000000000e+00
1.151000000000000000e+03 1.502000000000000000e+03 1.000000000000000000e+00
1.114000000000000000e+03 1.394000000000000000e+03 1.000000000000000000e+00
1.312000000000000000e+03 1.487000000000000000e+03 1.000000000000000000e+00
9.390000000000000000e+02 1.522000000000000000e+03 1.000000000000000000e+00
5.900000000000000000e+01 1.497000000000000000e+03 1.000000000000000000e+00
6.330000000000000000e+02 1.544000000000000000e+03 1.000000000000000000e+00
7.980000000000000000e+02 1.398000000000000000e+03 1.000000000000000000e+00
1.850000000000000000e+02 1.508000000000000000e+03 1.000000000000000000e+00
1.343000000000000000e+03 1.437000000000000000e+03 1.000000000000000000e+00
2.450000000000000000e+02 1.416000000000000000e+03 1.000000000000000000e+00
7.500000000000000000e+01 1.487000000000000000e+03 1.000000000000000000e+00
9.710000000000000000e+02 1.522000000000000000e+03 1.000000000000000000e+00
4.240000000000000000e+02 1.473000000000000000e+03 1.000000000000000000e+00
1.225000000000000000e+03 1.508000000000000000e+03 1.000000000000000000e+00
1.840000000000000000e+02 1.508000000000000000e+03 1.000000000000000000e+00
2.730000000000000000e+02 1.506000000000000000e+03 1.000000000000000000e+00
7.310000000000000000e+02 1.496000000000000000e+03 1.000000000000000000e+00
4.720000000000000000e+02 1.383000000000000000e+03 1.000000000000000000e+00
1.047000000000000000e+03 1.386000000000000000e+03 1.000000000000000000e+00
7.360000000000000000e+02 1.470000000000000000e+03 1.000000000000000000e+00
1.860000000000000000e+02 1.493000000000000000e+03 1.000000000000000000e+00
1.263000000000000000e+03 1.508000000000000000e+03 1.000000000000000000e+00
1.020000000000000000e+03 1.439000000000000000e+03 1.000000000000000000e+00
1.047000000000000000e+03 1.428000000000000000e+03 1.000000000000000000e+00
1.179000000000000000e+03 1.493000000000000000e+03 1.000000000000000000e+00
6.810000000000000000e+02 1.508000000000000000e+03 1.000000000000000000e+00
1.243000000000000000e+03 1.440000000000000000e+03 1.000000000000000000e+00
8.990000000000000000e+02 1.392000000000000000e+03 1.000000000000000000e+00
1.125000000000000000e+03 1.476000000000000000e+03 1.000000000000000000e+00
1.510000000000000000e+02 1.515000000000000000e+03 1.000000000000000000e+00
1.900000000000000000e+02 1.525000000000000000e+03 1.000000000000000000e+00
7.710000000000000000e+02 1.459000000000000000e+03 1.000000000000000000e+00
5.500000000000000000e+01 1.452000000000000000e+03 1.000000000000000000e+00
5.330000000000000000e+02 1.402000000000000000e+03 1.000000000000000000e+00
8.290000000000000000e+02 1.508000000000000000e+03 1.000000000000000000e+00
7.830000000000000000e+02 1.437000000000000000e+03 1.000000000000000000e+00
3.550000000000000000e+02 1.539000000000000000e+03 1.000000000000000000e+00
3.690000000000000000e+02 1.515000000000000000e+03 1.000000000000000000e+00
1.191000000000000000e+03 1.471000000000000000e+03 1.000000000000000000e+00
6.230000000000000000e+02 1.513000000000000000e+03 1.000000000000000000e+00
3.400000000000000000e+02 1.440000000000000000e+03 1.000000000000000000e+00
3.180000000000000000e+02 1.532000000000000000e+03 1.000000000000000000e+00
3.940000000000000000e+02 1.493000000000000000e+03 1.000000000000000000e+00
2.410000000000000000e+02 1.539000000000000000e+03 1.000000000000000000e+00
1.294000000000000000e+03 1.493000000000000000e+03 1.000000000000000000e+00
7.310000000000000000e+02 1.382000000000000000e+03 1.000000000000000000e+00
1.000000000000000000e+00 1.445000000000000000e+03 1.000000000000000000e+00
5.320000000000000000e+02 1.493000000000000000e+03 1.000000000000000000e+00
1.367000000000000000e+03 1.493000000000000000e+03 1.000000000000000000e+00
1.960000000000000000e+02 1.452000000000000000e+03 1.000000000000000000e+00
9.910000000000000000e+02 1.522000000000000000e+03 1.000000000000000000e+00
3.640000000000000000e+02 1.407000000000000000e+03 1.000000000000000000e+00
1.364000000000000000e+03 1.383000000000000000e+03 1.000000000000000000e+00
8.970000000000000000e+02 1.522000000000000000e+03 1.000000000000000000e+00
6.130000000000000000e+02 1.392000000000000000e+03 1.000000000000000000e+00
7.410000000000000000e+02 1.488000000000000000e+03 1.000000000000000000e+00
9.220000000000000000e+02 1.405000000000000000e+03 1.000000000000000000e+00
8.580000000000000000e+02 1.440000000000000000e+03 1.000000000000000000e+00
1.820000000000000000e+02 1.539000000000000000e+03 1.000000000000000000e+00
2.200000000000000000e+01 1.522000000000000000e+03 1.000000000000000000e+00
8.800000000000000000e+01 1.375000000000000000e+03 1.000000000000000000e+00
1.250000000000000000e+02 1.462000000000000000e+03 1.000000000000000000e+00
6.830000000000000000e+02 1.373000000000000000e+03 1.000000000000000000e+00
5.950000000000000000e+02 1.517000000000000000e+03 1.000000000000000000e+00
3.470000000000000000e+02 1.498000000000000000e+03 1.000000000000000000e+00
5.350000000000000000e+02 1.431000000000000000e+03 1.000000000000000000e+00
2.200000000000000000e+01 1.424000000000000000e+03 1.000000000000000000e+00
1.010000000000000000e+03 1.401000000000000000e+03 1.000000000000000000e+00
6.050000000000000000e+02 1.506000000000000000e+03 1.000000000000000000e+00
2.000000000000000000e+00 1.468000000000000000e+03 1.000000000000000000e+00
4.170000000000000000e+02 1.468000000000000000e+03 1.000000000000000000e+00
1.340000000000000000e+03 1.417000000000000000e+03 1.000000000000000000e+00
2.510000000000000000e+02 1.508000000000000000e+03 1.000000000000000000e+00
8.080000000000000000e+02 1.384000000000000000e+03 1.000000000000000000e+00
4.810000000000000000e+02 1.381000000000000000e+03 1.000000000000000000e+00
9.860000000000000000e+02 1.472000000000000000e+03 1.000000000000000000e+00
9.510000000000000000e+02 1.493000000000000000e+03 1.000000000000000000e+00
7.120000000000000000e+02 1.514000000000000000e+03 1.000000000000000000e+00
1.370000000000000000e+03 1.469000000000000000e+03 1.000000000000000000e+00
3.100000000000000000e+02 1.508000000000000000e+03 1.000000000000000000e+00
1.219000000000000000e+03 1.407000000000000000e+03 1.000000000000000000e+00
7.230000000000000000e+02 1.440000000000000000e+03 1.000000000000000000e+00
9.840000000000000000e+02 1.472000000000000000e+03 1.000000000000000000e+00
4.170000000000000000e+02 1.409000000000000000e+03 1.000000000000000000e+00
8.980000000000000000e+02 1.376000000000000000e+03 1.000000000000000000e+00
5.900000000000000000e+01 1.493000000000000000e+03 1.000000000000000000e+00
6.260000000000000000e+02 1.495000000000000000e+03 1.000000000000000000e+00
1.348000000000000000e+03 1.457000000000000000e+03 1.000000000000000000e+00
4.650000000000000000e+02 1.420000000000000000e+03 1.000000000000000000e+00
1.038000000000000000e+03 1.440000000000000000e+03 1.000000000000000000e+00
8.120000000000000000e+02 1.407000000000000000e+03 1.000000000000000000e+00
2.700000000000000000e+02 1.445000000000000000e+03 1.000000000000000000e+00
1.202000000000000000e+03 1.526000000000000000e+03 1.000000000000000000e+00
8.690000000000000000e+02 1.403000000000000000e+03 1.000000000000000000e+00
1.307000000000000000e+03 1.436000000000000000e+03 1.000000000000000000e+00
1.027000000000000000e+03 1.421000000000000000e+03 1.000000000000000000e+00
5.790000000000000000e+02 1.401000000000000000e+03 1.000000000000000000e+00
7.080000000000000000e+02 1.387000000000000000e+03 1.000000000000000000e+00
1.130000000000000000e+03 1.465000000000000000e+03 1.000000000000000000e+00
1.240000000000000000e+02 1.406000000000000000e+03 1.000000000000000000e+00
1.280000000000000000e+03 1.489000000000000000e+03 1.000000000000000000e+00
3.140000000000000000e+02 1.493000000000000000e+03 1.000000000000000000e+00
5.800000000000000000e+01 1.511000000000000000e+03 1.000000000000000000e+00
2.610000000000000000e+02 1.439000000000000000e+03 1.000000000000000000e+00
2.980000000000000000e+02 1.428000000000000000e+03 1.000000000000000000e+00
1.510000000000000000e+02 1.493000000000000000e+03 1.000000000000000000e+00
9.890000000000000000e+02 1.525000000000000000e+03 1.000000000000000000e+00
7.370000000000000000e+02 1.531000000000000000e+03 1.000000000000000000e+00
3.670000000000000000e+02 1.525000000000000000e+03 1.000000000000000000e+00
9.900000000000000000e+02 1.493000000000000000e+03 1.000000000000000000e+00
3.500000000000000000e+01 1.522000000000000000e+03 1.000000000000000000e+00
8.620000000000000000e+02 1.454000000000000000e+03 1.000000000000000000e+00
5.980000000000000000e+02 1.448000000000000000e+03 1.000000000000000000e+00
8.080000000000000000e+02 1.516000000000000000e+03 1.000000000000000000e+00
9.290000000000000000e+02 1.540000000000000000e+03 1.000000000000000000e+00
1.203000000000000000e+03 1.493000000000000000e+03 1.000000000000000000e+00
1.137000000000000000e+03 1.447000000000000000e+03 1.000000000000000000e+00
1.307000000000000000e+03 1.489000000000000000e+03 1.000000000000000000e+00
1.364000000000000000e+03 1.463000000000000000e+03 1.000000000000000000e+00
9.660000000000000000e+02 1.407000000000000000e+03 1.000000000000000000e+00
1.540000000000000000e+02 1.407000000000000000e+03 1.000000000000000000e+00
7.810000000000000000e+02 1.511000000000000000e+03 1.000000000000000000e+00
5.200000000000000000e+01 1.514000000000000000e+03 1.000000000000000000e+00
2.240000000000000000e+02 1.401000000000000000e+03 1.000000000000000000e+00
7.410000000000000000e+02 1.394000000000000000e+03 1.000000000000000000e+00
3.420000000000000000e+02 1.542000000000000000e+03 1.000000000000000000e+00
8.910000000000000000e+02 1.445000000000000000e+03 1.000000000000000000e+00
6.700000000000000000e+02 1.494000000000000000e+03 1.000000000000000000e+00
1.061000000000000000e+03 1.437000000000000000e+03 1.000000000000000000e+00
1.177000000000000000e+03 1.421000000000000000e+03 1.000000000000000000e+00
7.810000000000000000e+02 1.502000000000000000e+03 1.000000000000000000e+00
9.260000000000000000e+02 1.407000000000000000e+03 1.000000000000000000e+00
1.790000000000000000e+02 1.407000000000000000e+03 1.000000000000000000e+00
5.370000000000000000e+02 1.415000000000000000e+03 1.000000000000000000e+00
1.160000000000000000e+03 1.430000000000000000e+03 1.000000000000000000e+00
4.520000000000000000e+02 1.431000000000000000e+03 1.000000000000000000e+00
4.950000000000000000e+02 1.461000000000000000e+03 1.000000000000000000e+00
1.690000000000000000e+02 1.381000000000000000e+03 1.000000000000000000e+00
1.340000000000000000e+02 1.522000000000000000e+03 1.000000000000000000e+00
9.700000000000000000e+02 1.518000000000000000e+03 1.000000000000000000e+00
9.660000000000000000e+02 1.453000000000000000e+03 1.000000000000000000e+00
5.710000000000000000e+02 1.508000000000000000e+03 1.000000000000000000e+00
3.360000000000000000e+02 1.399000000000000000e+03 1.000000000000000000e+00
8.980000000000000000e+02 1.530000000000000000e+03 1.000000000000000000e+00
1.176000000000000000e+03 1.483000000000000000e+03 1.000000000000000000e+00
1.370000000000000000e+03 1.400000000000000000e+03 1.000000000000000000e+00
4.300000000000000000e+01 1.400000000000000000e+03 1.000000000000000000e+00
1.238000000000000000e+03 1.487000000000000000e+03 1.000000000000000000e+00
3.760000000000000000e+02 1.493000000000000000e+03 1.000000000000000000e+00
5.970000000000000000e+02 1.485000000000000000e+03 1.000000000000000000e+00
4.010000000000000000e+02 1.522000000000000000e+03 1.000000000000000000e+00
3.800000000000000000e+02 1.528000000000000000e+03 1.000000000000000000e+00
1.123000000000000000e+03 1.436000000000000000e+03 1.000000000000000000e+00
7.990000000000000000e+02 1.440000000000000000e+03 1.000000000000000000e+00
9.620000000000000000e+02 1.419000000000000000e+03 1.000000000000000000e+00
6.150000000000000000e+02 1.526000000000000000e+03 1.000000000000000000e+00
4.250000000000000000e+02 1.505000000000000000e+03 1.000000000000000000e+00
5.430000000000000000e+02 1.376000000000000000e+03 1.000000000000000000e+00
9.860000000000000000e+02 1.508000000000000000e+03 1.000000000000000000e+00
5.050000000000000000e+02 1.461000000000000000e+03 1.000000000000000000e+00
1.880000000000000000e+02 1.479000000000000000e+03 1.000000000000000000e+00
9.950000000000000000e+02 1.493000000000000000e+03 1.000000000000000000e+00
3.860000000000000000e+02 1.394000000000000000e+03 1.000000000000000000e+00
3.600000000000000000e+02 1.506000000000000000e+03 1.000000000000000000e+00
2.340000000000000000e+02 1.477000000000000000e+03 1.000000000000000000e+00
1.079000000000000000e+03 1.508000000000000000e+03 1.000000000000000000e+00
2.860000000000000000e+02 1.469000000000000000e+03 1.000000000000000000e+00
3.520000000000000000e+02 1.533000000000000000e+03 1.000000000000000000e+00
1.060000000000000000e+02 1.539000000000000000e+03 1.000000000000000000e+00
1.056000000000000000e+03 1.382000000000000000e+03 1.000000000000000000e+00
9.980000000000000000e+02 1.418000000000000000e+03 1.000000000000000000e+00
7.850000000000000000e+02 1.493000000000000000e+03 1.000000000000000000e+00
1.091000000000000000e+03 1.530000000000000000e+03 1.000000000000000000e+00
8.100000000000000000e+01 1.418000000000000000e+03 1.000000000000000000e+00
1.197000000000000000e+03 1.440000000000000000e+03 1.000000000000000000e+00
4.580000000000000000e+02 1.482000000000000000e+03 1.000000000000000000e+00
6.710000000000000000e+02 1.448000000000000000e+03 1.000000000000000000e+00
1.010000000000000000e+03 1.505000000000000000e+03 1.000000000000000000e+00
1.192000000000000000e+03 1.404000000000000000e+03 1.000000000000000000e+00
1.023000000000000000e+03 1.407000000000000000e+03 1.000000000000000000e+00
4.280000000000000000e+02 1.418000000000000000e+03 1.000000000000000000e+00
8.800000000000000000e+01 1.493000000000000000e+03 1.000000000000000000e+00
8.280000000000000000e+02 1.393000000000000000e+03 1.000000000000000000e+00
7.030000000000000000e+02 1.539000000000000000e+03 1.000000000000000000e+00
6.370000000000000000e+02 1.493000000000000000e+03 1.000000000000000000e+00
1.300000000000000000e+02 1.471000000000000000e+03 1.000000000000000000e+00
1.365000000000000000e+03 1.461000000000000000e+03 1.000000000000000000e+00
1.025000000000000000e+03 1.405000000000000000e+03 1.000000000000000000e+00
1.190000000000000000e+03 1.435000000000000000e+03 1.000000000000000000e+00
9.790000000000000000e+02 1.401000000000000000e+03 1.000000000000000000e+00
1.178000000000000000e+03 1.521000000000000000e+03 1.000000000000000000e+00
4.090000000000000000e+02 1.515000000000000000e+03 1.000000000000000000e+00
5.080000000000000000e+02 1.407000000000000000e+03 1.000000000000000000e+00
1.670000000000000000e+02 1.380000000000000000e+03 1.000000000000000000e+00
1.363000000000000000e+03 1.465000000000000000e+03 1.000000000000000000e+00
7.990000000000000000e+02 1.419000000000000000e+03 1.000000000000000000e+00
4.000000000000000000e+00 1.466000000000000000e+03 1.000000000000000000e+00
8.900000000000000000e+02 1.407000000000000000e+03 1.000000000000000000e+00
5.880000000000000000e+02 1.493000000000000000e+03 1.000000000000000000e+00
9.610000000000000000e+02 1.495000000000000000e+03 1.000000000000000000e+00
6.430000000000000000e+02 1.456000000000000000e+03 1.000000000000000000e+00
9.280000000000000000e+02 1.456000000000000000e+03 1.000000000000000000e+00
1.310000000000000000e+03 1.419000000000000000e+03 1.000000000000000000e+00
9.530000000000000000e+02 1.431000000000000000e+03 1.000000000000000000e+00
5.740000000000000000e+02 1.472000000000000000e+03 1.000000000000000000e+00
3.930000000000000000e+02 1.493000000000000000e+03 1.000000000000000000e+00
1.135000000000000000e+03 1.515000000000000000e+03 1.000000000000000000e+00
9.300000000000000000e+01 1.381000000000000000e+03 1.000000000000000000e+00
8.590000000000000000e+02 1.493000000000000000e+03 1.000000000000000000e+00
1.209000000000000000e+03 1.508000000000000000e+03 1.000000000000000000e+00
1.670000000000000000e+02 1.522000000000000000e+03 1.000000000000000000e+00
7.730000000000000000e+02 1.508000000000000000e+03 1.000000000000000000e+00
1.370000000000000000e+02 1.466000000000000000e+03 1.000000000000000000e+00
8.520000000000000000e+02 1.493000000000000000e+03 1.000000000000000000e+00
8.060000000000000000e+02 1.541000000000000000e+03 1.000000000000000000e+00
3.180000000000000000e+02 1.514000000000000000e+03 1.000000000000000000e+00
1.830000000000000000e+02 1.519000000000000000e+03 1.000000000000000000e+00
9.540000000000000000e+02 1.493000000000000000e+03 1.000000000000000000e+00
7.350000000000000000e+02 1.522000000000000000e+03 1.000000000000000000e+00
2.300000000000000000e+01 1.404000000000000000e+03 1.000000000000000000e+00
6.560000000000000000e+02 1.508000000000000000e+03 1.000000000000000000e+00
1.130000000000000000e+03 1.508000000000000000e+03 1.000000000000000000e+00
6.090000000000000000e+02 1.411000000000000000e+03 1.000000000000000000e+00
1.363000000000000000e+03 1.464000000000000000e+03 1.000000000000000000e+00
1.310000000000000000e+02 1.475000000000000000e+03 1.000000000000000000e+00
9.800000000000000000e+01 1.412000000000000000e+03 1.000000000000000000e+00
1.102000000000000000e+03 1.525000000000000000e+03 1.000000000000000000e+00
1.200000000000000000e+03 1.448000000000000000e+03 1.000000000000000000e+00
3.810000000000000000e+02 1.375000000000000000e+03 1.000000000000000000e+00
1.318000000000000000e+03 1.541000000000000000e+03 1.000000000000000000e+00
1.380000000000000000e+02 1.466000000000000000e+03 1.000000000000000000e+00
6.290000000000000000e+02 1.493000000000000000e+03 1.000000000000000000e+00
7.060000000000000000e+02 1.493000000000000000e+03 1.000000000000000000e+00
8.570000000000000000e+02 1.508000000000000000e+03 1.000000000000000000e+00
2.300000000000000000e+01 1.504000000000000000e+03 1.000000000000000000e+00
1.364000000000000000e+03 1.534000000000000000e+03 1.000000000000000000e+00
1.163000000000000000e+03 1.486000000000000000e+03 1.000000000000000000e+00
4.670000000000000000e+02 1.522000000000000000e+03 1.000000000000000000e+00
1.340000000000000000e+02 1.513000000000000000e+03 1.000000000000000000e+00
1.308000000000000000e+03 1.455000000000000000e+03 1.000000000000000000e+00
7.340000000000000000e+02 1.462000000000000000e+03 1.000000000000000000e+00
8.990000000000000000e+02 1.513000000000000000e+03 1.000000000000000000e+00
1.123000000000000000e+03 1.489000000000000000e+03 1.000000000000000000e+00
1.220000000000000000e+03 1.441000000000000000e+03 1.000000000000000000e+00
1.193000000000000000e+03 1.408000000000000000e+03 1.000000000000000000e+00
1.231000000000000000e+03 1.471000000000000000e+03 1.000000000000000000e+00
1.259000000000000000e+03 1.431000000000000000e+03 1.000000000000000000e+00
3.780000000000000000e+02 1.383000000000000000e+03 1.000000000000000000e+00
1.248000000000000000e+03 1.522000000000000000e+03 1.000000000000000000e+00
5.650000000000000000e+02 1.395000000000000000e+03 1.000000000000000000e+00
4.710000000000000000e+02 1.487000000000000000e+03 1.000000000000000000e+00
4.180000000000000000e+02 1.489000000000000000e+03 1.000000000000000000e+00
2.360000000000000000e+02 1.472000000000000000e+03 1.000000000000000000e+00
3.360000000000000000e+02 1.465000000000000000e+03 1.000000000000000000e+00
1.314000000000000000e+03 1.470000000000000000e+03 1.000000000000000000e+00
8.470000000000000000e+02 1.460000000000000000e+03 1.000000000000000000e+00
1.283000000000000000e+03 1.396000000000000000e+03 1.000000000000000000e+00
8.070000000000000000e+02 1.542000000000000000e+03 1.000000000000000000e+00
1.064000000000000000e+03 1.407000000000000000e+03 1.000000000000000000e+00
1.144000000000000000e+03 1.407000000000000000e+03 1.000000000000000000e+00
4.680000000000000000e+02 1.488000000000000000e+03 1.000000000000000000e+00
1.150000000000000000e+03 1.436000000000000000e+03 1.000000000000000000e+00
1.190000000000000000e+03 1.473000000000000000e+03 1.000000000000000000e+00
1.339000000000000000e+03 1.526000000000000000e+03 1.000000000000000000e+00
7.000000000000000000e+02 1.522000000000000000e+03 1.000000000000000000e+00
1.358000000000000000e+03 1.407000000000000000e+03 1.000000000000000000e+00
1.130000000000000000e+02 1.522000000000000000e+03 1.000000000000000000e+00
1.234000000000000000e+03 1.514000000000000000e+03 1.000000000000000000e+00
1.230000000000000000e+02 1.493000000000000000e+03 1.000000000000000000e+00
1.129000000000000000e+03 1.508000000000000000e+03 1.000000000000000000e+00
5.400000000000000000e+01 1.514000000000000000e+03 1.000000000000000000e+00
1.710000000000000000e+02 1.378000000000000000e+03 1.000000000000000000e+00
1.207000000000000000e+03 1.391000000000000000e+03 1.000000000000000000e+00
2.170000000000000000e+02 1.441000000000000000e+03 1.000000000000000000e+00
4.900000000000000000e+02 1.424000000000000000e+03 1.000000000000000000e+00
7.470000000000000000e+02 1.472000000000000000e+03 1.000000000000000000e+00
6.510000000000000000e+02 1.452000000000000000e+03 1.000000000000000000e+00
5.870000000000000000e+02 1.454000000000000000e+03 1.000000000000000000e+00
5.520000000000000000e+02 1.428000000000000000e+03 1.000000000000000000e+00
4.280000000000000000e+02 1.522000000000000000e+03 1.000000000000000000e+00
2.000000000000000000e+02 1.440000000000000000e+03 1.000000000000000000e+00
7.880000000000000000e+02 1.443000000000000000e+03 1.000000000000000000e+00
5.540000000000000000e+02 1.420000000000000000e+03 1.000000000000000000e+00
2.400000000000000000e+01 1.493000000000000000e+03 1.000000000000000000e+00
6.150000000000000000e+02 1.513000000000000000e+03 1.000000000000000000e+00
1.630000000000000000e+02 1.508000000000000000e+03 1.000000000000000000e+00
1.239000000000000000e+03 1.522000000000000000e+03 1.000000000000000000e+00
1.246000000000000000e+03 1.426000000000000000e+03 1.000000000000000000e+00
1.000000000000000000e+01 1.530000000000000000e+03 1.000000000000000000e+00
2.090000000000000000e+02 1.479000000000000000e+03 1.000000000000000000e+00
1.000000000000000000e+01 1.438000000000000000e+03 1.000000000000000000e+00
6.800000000000000000e+02 1.508000000000000000e+03 1.000000000000000000e+00
1.172000000000000000e+03 1.528000000000000000e+03 1.000000000000000000e+00
1.259000000000000000e+03 1.537000000000000000e+03 1.000000000000000000e+00
4.290000000000000000e+02 1.457000000000000000e+03 1.000000000000000000e+00
1.200000000000000000e+02 1.522000000000000000e+03 1.000000000000000000e+00
1.830000000000000000e+02 1.489000000000000000e+03 1.000000000000000000e+00
1.018000000000000000e+03 1.479000000000000000e+03 1.000000000000000000e+00
4.880000000000000000e+02 1.407000000000000000e+03 1.000000000000000000e+00
1.290000000000000000e+02 1.394000000000000000e+03 1.000000000000000000e+00
3.670000000000000000e+02 1.500000000000000000e+03 1.000000000000000000e+00
7.770000000000000000e+02 1.437000000000000000e+03 1.000000000000000000e+00
2.750000000000000000e+02 1.384000000000000000e+03 1.000000000000000000e+00
1.274000000000000000e+03 1.477000000000000000e+03 1.000000000000000000e+00
5.620000000000000000e+02 1.375000000000000000e+03 1.000000000000000000e+00
8.950000000000000000e+02 1.440000000000000000e+03 1.000000000000000000e+00
3.600000000000000000e+01 1.508000000000000000e+03 1.000000000000000000e+00
7.910000000000000000e+02 1.382000000000000000e+03 1.000000000000000000e+00
9.010000000000000000e+02 1.533000000000000000e+03 1.000000000000000000e+00
3.950000000000000000e+02 1.525000000000000000e+03 1.000000000000000000e+00
8.130000000000000000e+02 1.401000000000000000e+03 1.000000000000000000e+00
8.000000000000000000e+02 1.508000000000000000e+03 1.000000000000000000e+00
1.036000000000000000e+03 1.382000000000000000e+03 1.000000000000000000e+00
5.070000000000000000e+02 1.493000000000000000e+03 1.000000000000000000e+00
1.362000000000000000e+03 1.381000000000000000e+03 1.000000000000000000e+00
7.000000000000000000e+01 1.479000000000000000e+03 1.000000000000000000e+00
4.000000000000000000e+01 1.512000000000000000e+03 1.000000000000000000e+00
1.124000000000000000e+03 1.407000000000000000e+03 1.000000000000000000e+00
2.300000000000000000e+02 1.493000000000000000e+03 1.000000000000000000e+00
7.300000000000000000e+02 1.430000000000000000e+03 1.000000000000000000e+00
9.990000000000000000e+02 1.493000000000000000e+03 1.000000000000000000e+00
8.460000000000000000e+02 1.421000000000000000e+03 1.000000000000000000e+00
5.740000000000000000e+02 1.521000000000000000e+03 1.000000000000000000e+00
1.177000000000000000e+03 1.522000000000000000e+03 1.000000000000000000e+00
4.930000000000000000e+02 1.390000000000000000e+03 1.000000000000000000e+00
1.286000000000000000e+03 1.537000000000000000e+03 1.000000000000000000e+00
5.670000000000000000e+02 1.390000000000000000e+03 1.000000000000000000e+00
1.470000000000000000e+02 1.493000000000000000e+03 1.000000000000000000e+00
6.350000000000000000e+02 1.467000000000000000e+03 1.000000000000000000e+00
1.225000000000000000e+03 1.407000000000000000e+03 1.000000000000000000e+00
1.630000000000000000e+02 1.469000000000000000e+03 1.000000000000000000e+00
9.580000000000000000e+02 1.423000000000000000e+03 1.000000000000000000e+00
6.960000000000000000e+02 1.501000000000000000e+03 1.000000000000000000e+00
5.440000000000000000e+02 1.413000000000000000e+03 1.000000000000000000e+00
8.120000000000000000e+02 1.431000000000000000e+03 1.000000000000000000e+00
3.310000000000000000e+02 1.374000000000000000e+03 1.000000000000000000e+00
8.040000000000000000e+02 1.380000000000000000e+03 1.000000000000000000e+00
1.100000000000000000e+03 1.543000000000000000e+03 1.000000000000000000e+00
5.580000000000000000e+02 1.383000000000000000e+03 1.000000000000000000e+00
1.067000000000000000e+03 1.517000000000000000e+03 1.000000000000000000e+00
1.073000000000000000e+03 1.480000000000000000e+03 1.000000000000000000e+00
4.980000000000000000e+02 1.493000000000000000e+03 1.000000000000000000e+00
8.670000000000000000e+02 1.407000000000000000e+03 1.000000000000000000e+00
2.800000000000000000e+01 1.429000000000000000e+03 1.000000000000000000e+00
1.760000000000000000e+02 1.440000000000000000e+03 1.000000000000000000e+00
1.460000000000000000e+02 1.419000000000000000e+03 1.000000000000000000e+00
4.420000000000000000e+02 1.418000000000000000e+03 1.000000000000000000e+00
1.342000000000000000e+03 1.407000000000000000e+03 1.000000000000000000e+00
7.330000000000000000e+02 1.543000000000000000e+03 1.000000000000000000e+00
9.630000000000000000e+02 1.472000000000000000e+03 1.000000000000000000e+00
8.000000000000000000e+01 1.430000000000000000e+03 1.000000000000000000e+00
8.640000000000000000e+02 1.437000000000000000e+03 1.000000000000000000e+00
1.357000000000000000e+03 1.437000000000000000e+03 1.000000000000000000e+00
6.860000000000000000e+02 1.429000000000000000e+03 1.000000000000000000e+00
7.210000000000000000e+02 1.486000000000000000e+03 1.000000000000000000e+00
2.340000000000000000e+02 1.427000000000000000e+03 1.000000000000000000e+00
4.350000000000000000e+02 1.406000000000000000e+03 1.000000000000000000e+00
5.810000000000000000e+02 1.513000000000000000e+03 1.000000000000000000e+00
2.130000000000000000e+02 1.514000000000000000e+03 1.000000000000000000e+00
1.145000000000000000e+03 1.531000000000000000e+03 1.000000000000000000e+00
0.000000000000000000e+00 1.438000000000000000e+03 1.000000000000000000e+00
3.590000000000000000e+02 1.514000000000000000e+03 1.000000000000000000e+00
1.336000000000000000e+03 1.439000000000000000e+03 1.000000000000000000e+00
1.343000000000000000e+03 1.512000000000000000e+03 1.000000000000000000e+00
1.340000000000000000e+03 1.525000000000000000e+03 1.000000000000000000e+00
1.335000000000000000e+03 1.415000000000000000e+03 1.000000000000000000e+00
1.364000000000000000e+03 1.477000000000000000e+03 1.000000000000000000e+00
6.800000000000000000e+02 1.481000000000000000e+03 1.000000000000000000e+00
5.800000000000000000e+01 1.493000000000000000e+03 1.000000000000000000e+00
5.940000000000000000e+02 1.541000000000000000e+03 1.000000000000000000e+00
8.290000000000000000e+02 1.493000000000000000e+03 1.000000000000000000e+00
6.100000000000000000e+02 1.407000000000000000e+03 1.000000000000000000e+00
7.010000000000000000e+02 1.467000000000000000e+03 1.000000000000000000e+00
9.120000000000000000e+02 1.493000000000000000e+03 1.000000000000000000e+00
4.650000000000000000e+02 1.403000000000000000e+03 1.000000000000000000e+00
1.003000000000000000e+03 1.535000000000000000e+03 1.000000000000000000e+00
3.650000000000000000e+02 1.508000000000000000e+03 1.000000000000000000e+00
5.870000000000000000e+02 1.508000000000000000e+03 1.000000000000000000e+00
9.000000000000000000e+02 1.496000000000000000e+03 1.000000000000000000e+00
6.410000000000000000e+02 1.391000000000000000e+03 1.000000000000000000e+00
5.600000000000000000e+02 1.427000000000000000e+03 1.000000000000000000e+00
5.790000000000000000e+02 1.498000000000000000e+03 1.000000000000000000e+00
6.750000000000000000e+02 1.409000000000000000e+03 1.000000000000000000e+00
1.065000000000000000e+03 1.397000000000000000e+03 1.000000000000000000e+00
6.330000000000000000e+02 1.522000000000000000e+03 1.000000000000000000e+00
1.850000000000000000e+02 1.519000000000000000e+03 1.000000000000000000e+00
4.520000000000000000e+02 1.430000000000000000e+03 1.000000000000000000e+00
2.550000000000000000e+02 1.439000000000000000e+03 1.000000000000000000e+00
8.850000000000000000e+02 1.435000000000000000e+03 1.000000000000000000e+00
1.232000000000000000e+03 1.534000000000000000e+03 1.000000000000000000e+00
8.340000000000000000e+02 1.401000000000000000e+03 1.000000000000000000e+00
1.550000000000000000e+02 1.493000000000000000e+03 1.000000000000000000e+00
2.400000000000000000e+01 1.508000000000000000e+03 1.000000000000000000e+00
1.750000000000000000e+02 1.384000000000000000e+03 1.000000000000000000e+00
3.930000000000000000e+02 1.472000000000000000e+03 1.000000000000000000e+00
1.303000000000000000e+03 1.440000000000000000e+03 1.000000000000000000e+00
1.027000000000000000e+03 1.488000000000000000e+03 1.000000000000000000e+00
1.327000000000000000e+03 1.542000000000000000e+03 1.000000000000000000e+00
4.500000000000000000e+02 1.493000000000000000e+03 1.000000000000000000e+00
8.280000000000000000e+02 1.461000000000000000e+03 1.000000000000000000e+00
5.670000000000000000e+02 1.440000000000000000e+03 1.000000000000000000e+00
7.760000000000000000e+02 1.493000000000000000e+03 1.000000000000000000e+00
6.450000000000000000e+02 1.514000000000000000e+03 1.000000000000000000e+00
5.610000000000000000e+02 1.397000000000000000e+03 1.000000000000000000e+00
6.190000000000000000e+02 1.481000000000000000e+03 1.000000000000000000e+00
5.020000000000000000e+02 1.442000000000000000e+03 1.000000000000000000e+00
2.010000000000000000e+02 1.449000000000000000e+03 1.000000000000000000e+00
2.330000000000000000e+02 1.514000000000000000e+03 1.000000000000000000e+00
1.360000000000000000e+03 1.407000000000000000e+03 1.000000000000000000e+00
1.132000000000000000e+03 1.508000000000000000e+03 1.000000000000000000e+00
1.101000000000000000e+03 1.543000000000000000e+03 1.000000000000000000e+00
2.400000000000000000e+01 1.449000000000000000e+03 1.000000000000000000e+00
1.303000000000000000e+03 1.374000000000000000e+03 1.000000000000000000e+00
5.840000000000000000e+02 1.525000000000000000e+03 1.000000000000000000e+00
1.345000000000000000e+03 1.382000000000000000e+03 1.000000000000000000e+00
5.660000000000000000e+02 1.440000000000000000e+03 1.000000000000000000e+00
5.640000000000000000e+02 1.472000000000000000e+03 1.000000000000000000e+00
3.410000000000000000e+02 1.440000000000000000e+03 1.000000000000000000e+00
2.080000000000000000e+02 1.533000000000000000e+03 1.000000000000000000e+00
7.570000000000000000e+02 1.464000000000000000e+03 1.000000000000000000e+00
1.164000000000000000e+03 1.479000000000000000e+03 1.000000000000000000e+00
8.670000000000000000e+02 1.545000000000000000e+03 1.000000000000000000e+00
2.350000000000000000e+02 1.514000000000000000e+03 1.000000000000000000e+00
5.150000000000000000e+02 1.534000000000000000e+03 1.000000000000000000e+00
5.240000000000000000e+02 1.541000000000000000e+03 1.000000000000000000e+00
1.213000000000000000e+03 1.380000000000000000e+03 1.000000000000000000e+00
1.800000000000000000e+02 1.504000000000000000e+03 1.000000000000000000e+00
9.390000000000000000e+02 1.441000000000000000e+03 1.000000000000000000e+00
1.410000000000000000e+02 1.420000000000000000e+03 1.000000000000000000e+00
6.240000000000000000e+02 1.465000000000000000e+03 1.000000000000000000e+00
5.470000000000000000e+02 1.505000000000000000e+03 1.000000000000000000e+00
7.900000000000000000e+01 1.508000000000000000e+03 1.000000000000000000e+00
9.240000000000000000e+02 1.448000000000000000e+03 1.000000000000000000e+00
1.020000000000000000e+02 1.430000000000000000e+03 1.000000000000000000e+00
1.357000000000000000e+03 1.523000000000000000e+03 1.000000000000000000e+00
1.100000000000000000e+03 1.520000000000000000e+03 1.000000000000000000e+00
1.700000000000000000e+01 1.508000000000000000e+03 1.000000000000000000e+00
1.600000000000000000e+02 1.375000000000000000e+03 1.000000000000000000e+00
2.500000000000000000e+01 1.513000000000000000e+03 1.000000000000000000e+00
5.770000000000000000e+02 1.375000000000000000e+03 1.000000000000000000e+00
1.258000000000000000e+03 1.496000000000000000e+03 1.000000000000000000e+00
9.670000000000000000e+02 1.490000000000000000e+03 1.000000000000000000e+00
1.118000000000000000e+03 1.542000000000000000e+03 1.000000000000000000e+00
1.770000000000000000e+02 1.423000000000000000e+03 1.000000000000000000e+00
2.800000000000000000e+02 1.489000000000000000e+03 1.000000000000000000e+00
5.010000000000000000e+02 1.474000000000000000e+03 1.000000000000000000e+00
1.243000000000000000e+03 1.533000000000000000e+03 1.000000000000000000e+00
8.400000000000000000e+01 1.508000000000000000e+03 1.000000000000000000e+00
7.120000000000000000e+02 1.508000000000000000e+03 1.000000000000000000e+00
2.800000000000000000e+02 1.508000000000000000e+03 1.000000000000000000e+00
1.600000000000000000e+01 1.491000000000000000e+03 1.000000000000000000e+00
7.210000000000000000e+02 1.518000000000000000e+03 1.000000000000000000e+00
4.550000000000000000e+02 1.465000000000000000e+03 1.000000000000000000e+00
6.160000000000000000e+02 1.407000000000000000e+03 1.000000000000000000e+00
1.174000000000000000e+03 1.493000000000000000e+03 1.000000000000000000e+00
9.340000000000000000e+02 1.447000000000000000e+03 1.000000000000000000e+00
5.250000000000000000e+02 1.461000000000000000e+03 1.000000000000000000e+00
1.166000000000000000e+03 1.407000000000000000e+03 1.000000000000000000e+00
1.860000000000000000e+02 1.508000000000000000e+03 1.000000000000000000e+00
6.100000000000000000e+01 1.493000000000000000e+03 1.000000000000000000e+00
5.040000000000000000e+02 1.518000000000000000e+03 1.000000000000000000e+00
8.950000000000000000e+02 1.461000000000000000e+03 1.000000000000000000e+00
9.370000000000000000e+02 1.528000000000000000e+03 1.000000000000000000e+00
2.900000000000000000e+01 1.493000000000000000e+03 1.000000000000000000e+00
1.361000000000000000e+03 1.407000000000000000e+03 1.000000000000000000e+00
7.260000000000000000e+02 1.493000000000000000e+03 1.000000000000000000e+00
1.217000000000000000e+03 1.540000000000000000e+03 1.000000000000000000e+00
3.360000000000000000e+02 1.499000000000000000e+03 1.000000000000000000e+00
8.510000000000000000e+02 1.493000000000000000e+03 1.000000000000000000e+00
1.350000000000000000e+02 1.500000000000000000e+03 1.000000000000000000e+00
5.000000000000000000e+00 1.450000000000000000e+03 1.000000000000000000e+00
7.200000000000000000e+02 1.502000000000000000e+03 1.000000000000000000e+00
7.090000000000000000e+02 1.440000000000000000e+03 1.000000000000000000e+00
3.340000000000000000e+02 1.493000000000000000e+03 1.000000000000000000e+00
9.650000000000000000e+02 1.463000000000000000e+03 1.000000000000000000e+00
9.380000000000000000e+02 1.493000000000000000e+03 1.000000000000000000e+00
6.020000000000000000e+02 1.522000000000000000e+03 1.000000000000000000e+00
8.580000000000000000e+02 1.541000000000000000e+03 1.000000000000000000e+00
4.470000000000000000e+02 1.377000000000000000e+03 1.000000000000000000e+00
7.200000000000000000e+02 1.513000000000000000e+03 1.000000000000000000e+00
4.930000000000000000e+02 1.497000000000000000e+03 1.000000000000000000e+00
4.430000000000000000e+02 1.472000000000000000e+03 1.000000000000000000e+00
5.470000000000000000e+02 1.410000000000000000e+03 1.000000000000000000e+00
9.450000000000000000e+02 1.376000000000000000e+03 1.000000000000000000e+00
1.289000000000000000e+03 1.461000000000000000e+03 1.000000000000000000e+00
8.140000000000000000e+02 1.508000000000000000e+03 1.000000000000000000e+00
9.080000000000000000e+02 1.403000000000000000e+03 1.000000000000000000e+00
2.010000000000000000e+02 1.452000000000000000e+03 1.000000000000000000e+00
3.000000000000000000e+01 1.493000000000000000e+03 1.000000000000000000e+00
1.256000000000000000e+03 1.484000000000000000e+03 1.000000000000000000e+00
7.610000000000000000e+02 1.542000000000000000e+03 1.000000000000000000e+00
2.020000000000000000e+02 1.508000000000000000e+03 1.000000000000000000e+00
1.087000000000000000e+03 1.493000000000000000e+03 1.000000000000000000e+00
1.207000000000000000e+03 1.522000000000000000e+03 1.000000000000000000e+00
2.630000000000000000e+02 1.407000000000000000e+03 1.000000000000000000e+00
5.920000000000000000e+02 1.527000000000000000e+03 1.000000000000000000e+00
5.230000000000000000e+02 1.381000000000000000e+03 1.000000000000000000e+00
2.550000000000000000e+02 1.438000000000000000e+03 1.000000000000000000e+00
6.250000000000000000e+02 1.508000000000000000e+03 1.000000000000000000e+00
1.059000000000000000e+03 1.429000000000000000e+03 1.000000000000000000e+00
8.710000000000000000e+02 1.407000000000000000e+03 1.000000000000000000e+00
1.240000000000000000e+03 1.513000000000000000e+03 1.000000000000000000e+00
6.780000000000000000e+02 1.526000000000000000e+03 1.000000000000000000e+00
9.340000000000000000e+02 1.514000000000000000e+03 1.000000000000000000e+00
7.720000000000000000e+02 1.518000000000000000e+03 1.000000000000000000e+00
1.048000000000000000e+03 1.475000000000000000e+03 1.000000000000000000e+00
6.880000000000000000e+02 1.527000000000000000e+03 1.000000000000000000e+00
1.024000000000000000e+03 1.503000000000000000e+03 1.000000000000000000e+00
2.950000000000000000e+02 1.397000000000000000e+03 1.000000000000000000e+00
4.710000000000000000e+02 1.404000000000000000e+03 1.000000000000000000e+00
1.066000000000000000e+03 1.522000000000000000e+03 1.000000000000000000e+00
1.251000000000000000e+03 1.481000000000000000e+03 1.000000000000000000e+00
5.220000000000000000e+02 1.419000000000000000e+03 1.000000000000000000e+00
6.440000000000000000e+02 1.508000000000000000e+03 1.000000000000000000e+00
9.850000000000000000e+02 1.472000000000000000e+03 1.000000000000000000e+00
8.300000000000000000e+02 1.493000000000000000e+03 1.000000000000000000e+00
1.338000000000000000e+03 1.440000000000000000e+03 1.000000000000000000e+00
1.372000000000000000e+03 1.539000000000000000e+03 1.000000000000000000e+00
1.282000000000000000e+03 1.440000000000000000e+03 1.000000000000000000e+00
4.640000000000000000e+02 1.401000000000000000e+03 1.000000000000000000e+00
5.370000000000000000e+02 1.440000000000000000e+03 1.000000000000000000e+00
1.013000000000000000e+03 1.485000000000000000e+03 1.000000000000000000e+00
4.160000000000000000e+02 1.442000000000000000e+03 1.000000000000000000e+00
1.029000000000000000e+03 1.525000000000000000e+03 1.000000000000000000e+00
1.020000000000000000e+02 1.510000000000000000e+03 1.000000000000000000e+00
5.990000000000000000e+02 1.545000000000000000e+03 1.000000000000000000e+00
4.640000000000000000e+02 1.440000000000000000e+03 1.000000000000000000e+00
5.860000000000000000e+02 1.407000000000000000e+03 1.000000000000000000e+00
8.920000000000000000e+02 1.464000000000000000e+03 1.000000000000000000e+00
2.790000000000000000e+02 1.508000000000000000e+03 1.000000000000000000e+00
7.390000000000000000e+02 1.384000000000000000e+03 1.000000000000000000e+00
1.021000000000000000e+03 1.530000000000000000e+03 1.000000000000000000e+00
8.490000000000000000e+02 1.434000000000000000e+03 1.000000000000000000e+00
6.900000000000000000e+02 1.441000000000000000e+03 1.000000000000000000e+00
3.310000000000000000e+02 1.495000000000000000e+03 1.000000000000000000e+00
1.100000000000000000e+01 1.396000000000000000e+03 1.000000000000000000e+00
9.580000000000000000e+02 1.508000000000000000e+03 1.000000000000000000e+00
1.218000000000000000e+03 1.441000000000000000e+03 1.000000000000000000e+00
1.223000000000000000e+03 1.508000000000000000e+03 1.000000000000000000e+00
1.030000000000000000e+03 1.475000000000000000e+03 1.000000000000000000e+00
4.500000000000000000e+01 1.380000000000000000e+03 1.000000000000000000e+00
9.370000000000000000e+02 1.472000000000000000e+03 1.000000000000000000e+00
6.830000000000000000e+02 1.472000000000000000e+03 1.000000000000000000e+00
3.350000000000000000e+02 1.381000000000000000e+03 1.000000000000000000e+00
1.003000000000000000e+03 1.474000000000000000e+03 1.000000000000000000e+00
5.340000000000000000e+02 1.444000000000000000e+03 1.000000000000000000e+00
2.970000000000000000e+02 1.448000000000000000e+03 1.000000000000000000e+00
1.366000000000000000e+03 1.535000000000000000e+03 1.000000000000000000e+00
5.980000000000000000e+02 1.477000000000000000e+03 1.000000000000000000e+00
1.240000000000000000e+02 1.494000000000000000e+03 1.000000000000000000e+00
1.251000000000000000e+03 1.488000000000000000e+03 1.000000000000000000e+00
2.260000000000000000e+02 1.493000000000000000e+03 1.000000000000000000e+00
4.060000000000000000e+02 1.486000000000000000e+03 1.000000000000000000e+00
7.240000000000000000e+02 1.526000000000000000e+03 1.000000000000000000e+00
8.790000000000000000e+02 1.521000000000000000e+03 1.000000000000000000e+00
6.360000000000000000e+02 1.420000000000000000e+03 1.000000000000000000e+00
7.760000000000000000e+02 1.522000000000000000e+03 1.000000000000000000e+00
6.130000000000000000e+02 1.522000000000000000e+03 1.000000000000000000e+00
7.200000000000000000e+02 1.515000000000000000e+03 1.000000000000000000e+00
3.080000000000000000e+02 1.449000000000000000e+03 1.000000000000000000e+00
3.200000000000000000e+01 1.407000000000000000e+03 1.000000000000000000e+00
6.590000000000000000e+02 1.475000000000000000e+03 1.000000000000000000e+00
3.870000000000000000e+02 1.407000000000000000e+03 1.000000000000000000e+00
1.380000000000000000e+02 1.476000000000000000e+03 1.000000000000000000e+00
1.094000000000000000e+03 1.544000000000000000e+03 1.000000000000000000e+00
1.250000000000000000e+03 1.526000000000000000e+03 1.000000000000000000e+00
4.390000000000000000e+02 1.472000000000000000e+03 1.000000000000000000e+00
8.840000000000000000e+02 1.522000000000000000e+03 1.000000000000000000e+00
4.720000000000000000e+02 1.401000000000000000e+03 1.000000000000000000e+00
2.700000000000000000e+01 1.508000000000000000e+03 1.000000000000000000e+00
1.153000000000000000e+03 1.513000000000000000e+03 1.000000000000000000e+00
3.230000000000000000e+02 1.513000000000000000e+03 1.000000000000000000e+00
8.390000000000000000e+02 1.493000000000000000e+03 1.000000000000000000e+00
9.020000000000000000e+02 1.403000000000000000e+03 1.000000000000000000e+00
1.006000000000000000e+03 1.403000000000000000e+03 1.000000000000000000e+00
1.960000000000000000e+02 1.493000000000000000e+03 1.000000000000000000e+00
5.200000000000000000e+02 1.409000000000000000e+03 1.000000000000000000e+00
2.420000000000000000e+02 1.400000000000000000e+03 1.000000000000000000e+00
8.980000000000000000e+02 1.522000000000000000e+03 1.000000000000000000e+00
8.080000000000000000e+02 1.474000000000000000e+03 1.000000000000000000e+00
1.167000000000000000e+03 1.542000000000000000e+03 1.000000000000000000e+00
1.340000000000000000e+02 1.437000000000000000e+03 1.000000000000000000e+00
4.040000000000000000e+02 1.493000000000000000e+03 1.000000000000000000e+00
4.850000000000000000e+02 1.440000000000000000e+03 1.000000000000000000e+00
1.118000000000000000e+03 1.499000000000000000e+03 1.000000000000000000e+00
1.161000000000000000e+03 1.418000000000000000e+03 1.000000000000000000e+00
6.610000000000000000e+02 1.508000000000000000e+03 1.000000000000000000e+00
3.170000000000000000e+02 1.407000000000000000e+03 1.000000000000000000e+00
6.100000000000000000e+02 1.461000000000000000e+03 1.000000000000000000e+00
1.027000000000000000e+03 1.508000000000000000e+03 1.000000000000000000e+00
1.006000000000000000e+03 1.493000000000000000e+03 1.000000000000000000e+00
2.760000000000000000e+02 1.480000000000000000e+03 1.000000000000000000e+00
3.060000000000000000e+02 1.514000000000000000e+03 1.000000000000000000e+00
8.940000000000000000e+02 1.415000000000000000e+03 1.000000000000000000e+00
1.134000000000000000e+03 1.487000000000000000e+03 1.000000000000000000e+00
8.010000000000000000e+02 1.493000000000000000e+03 1.000000000000000000e+00
4.860000000000000000e+02 1.526000000000000000e+03 1.000000000000000000e+00
1.970000000000000000e+02 1.529000000000000000e+03 1.000000000000000000e+00
2.000000000000000000e+01 1.513000000000000000e+03 1.000000000000000000e+00
1.227000000000000000e+03 1.469000000000000000e+03 1.000000000000000000e+00
5.490000000000000000e+02 1.431000000000000000e+03 1.000000000000000000e+00
1.303000000000000000e+03 1.522000000000000000e+03 1.000000000000000000e+00
2.890000000000000000e+02 1.428000000000000000e+03 1.000000000000000000e+00
6.100000000000000000e+02 1.540000000000000000e+03 1.000000000000000000e+00
9.570000000000000000e+02 1.468000000000000000e+03 1.000000000000000000e+00
6.730000000000000000e+02 1.378000000000000000e+03 1.000000000000000000e+00
1.031000000000000000e+03 1.542000000000000000e+03 1.000000000000000000e+00
5.370000000000000000e+02 1.508000000000000000e+03 1.000000000000000000e+00
1.293000000000000000e+03 1.493000000000000000e+03 1.000000000000000000e+00
9.280000000000000000e+02 1.394000000000000000e+03 1.000000000000000000e+00
3.680000000000000000e+02 1.500000000000000000e+03 1.000000000000000000e+00
1.000000000000000000e+03 1.516000000000000000e+03 1.000000000000000000e+00
1.237000000000000000e+03 1.522000000000000000e+03 1.000000000000000000e+00
4.540000000000000000e+02 1.508000000000000000e+03 1.000000000000000000e+00
1.319000000000000000e+03 1.541000000000000000e+03 1.000000000000000000e+00
5.080000000000000000e+02 1.533000000000000000e+03 1.000000000000000000e+00
9.870000000000000000e+02 1.520000000000000000e+03 1.000000000000000000e+00
5.690000000000000000e+02 1.404000000000000000e+03 1.000000000000000000e+00
1.131000000000000000e+03 1.388000000000000000e+03 1.000000000000000000e+00
1.355000000000000000e+03 1.395000000000000000e+03 1.000000000000000000e+00
9.270000000000000000e+02 1.514000000000000000e+03 1.000000000000000000e+00
3.840000000000000000e+02 1.387000000000000000e+03 1.000000000000000000e+00
6.040000000000000000e+02 1.508000000000000000e+03 1.000000000000000000e+00
1.237000000000000000e+03 1.510000000000000000e+03 1.000000000000000000e+00
1.242000000000000000e+03 1.495000000000000000e+03 1.000000000000000000e+00
7.010000000000000000e+02 1.517000000000000000e+03 1.000000000000000000e+00
2.360000000000000000e+02 1.513000000000000000e+03 1.000000000000000000e+00
4.550000000000000000e+02 1.542000000000000000e+03 1.000000000000000000e+00
3.000000000000000000e+01 1.524000000000000000e+03 1.000000000000000000e+00
1.086000000000000000e+03 1.494000000000000000e+03 1.000000000000000000e+00
1.500000000000000000e+02 1.407000000000000000e+03 1.000000000000000000e+00
1.221000000000000000e+03 1.410000000000000000e+03 1.000000000000000000e+00
8.750000000000000000e+02 1.414000000000000000e+03 1.000000000000000000e+00
5.870000000000000000e+02 1.411000000000000000e+03 1.000000000000000000e+00
1.174000000000000000e+03 1.508000000000000000e+03 1.000000000000000000e+00
7.980000000000000000e+02 1.524000000000000000e+03 1.000000000000000000e+00
7.370000000000000000e+02 1.429000000000000000e+03 1.000000000000000000e+00
1.730000000000000000e+02 1.409000000000000000e+03 1.000000000000000000e+00
1.710000000000000000e+02 1.514000000000000000e+03 1.000000000000000000e+00
4.380000000000000000e+02 1.440000000000000000e+03 1.000000000000000000e+00
2.570000000000000000e+02 1.439000000000000000e+03 1.000000000000000000e+00
1.127000000000000000e+03 1.532000000000000000e+03 1.000000000000000000e+00
7.510000000000000000e+02 1.545000000000000000e+03 1.000000000000000000e+00
7.010000000000000000e+02 1.428000000000000000e+03 1.000000000000000000e+00
1.337000000000000000e+03 1.472000000000000000e+03 1.000000000000000000e+00
9.460000000000000000e+02 1.504000000000000000e+03 1.000000000000000000e+00
3.260000000000000000e+02 1.499000000000000000e+03 1.000000000000000000e+00
2.230000000000000000e+02 1.413000000000000000e+03 1.000000000000000000e+00
4.000000000000000000e+02 1.493000000000000000e+03 1.000000000000000000e+00
3.980000000000000000e+02 1.493000000000000000e+03 1.000000000000000000e+00
7.140000000000000000e+02 1.424000000000000000e+03 1.000000000000000000e+00
1.610000000000000000e+02 1.430000000000000000e+03 1.000000000000000000e+00
4.120000000000000000e+02 1.493000000000000000e+03 1.000000000000000000e+00
9.000000000000000000e+01 1.501000000000000000e+03 1.000000000000000000e+00
1.211000000000000000e+03 1.513000000000000000e+03 1.000000000000000000e+00
1.256000000000000000e+03 1.508000000000000000e+03 1.000000000000000000e+00
1.150000000000000000e+03 1.508000000000000000e+03 1.000000000000000000e+00
8.780000000000000000e+02 1.414000000000000000e+03 1.000000000000000000e+00
4.300000000000000000e+01 1.544000000000000000e+03 1.000000000000000000e+00
4.210000000000000000e+02 1.438000000000000000e+03 1.000000000000000000e+00
8.830000000000000000e+02 1.429000000000000000e+03 1.000000000000000000e+00
1.200000000000000000e+02 1.515000000000000000e+03 1.000000000000000000e+00
1.370000000000000000e+03 1.411000000000000000e+03 1.000000000000000000e+00
9.330000000000000000e+02 1.394000000000000000e+03 1.000000000000000000e+00
3.710000000000000000e+02 1.465000000000000000e+03 1.000000000000000000e+00
1.500000000000000000e+01 1.493000000000000000e+03 1.000000000000000000e+00
6.510000000000000000e+02 1.425000000000000000e+03 1.000000000000000000e+00
9.110000000000000000e+02 1.508000000000000000e+03 1.000000000000000000e+00
6.400000000000000000e+01 1.457000000000000000e+03 1.000000000000000000e+00
1.052000000000000000e+03 1.440000000000000000e+03 1.000000000000000000e+00
1.318000000000000000e+03 1.537000000000000000e+03 1.000000000000000000e+00
8.160000000000000000e+02 1.378000000000000000e+03 1.000000000000000000e+00
2.530000000000000000e+02 1.488000000000000000e+03 1.000000000000000000e+00
1.870000000000000000e+02 1.499000000000000000e+03 1.000000000000000000e+00
1.212000000000000000e+03 1.461000000000000000e+03 1.000000000000000000e+00
8.080000000000000000e+02 1.518000000000000000e+03 1.000000000000000000e+00
9.620000000000000000e+02 1.487000000000000000e+03 1.000000000000000000e+00
1.321000000000000000e+03 1.508000000000000000e+03 1.000000000000000000e+00
8.940000000000000000e+02 1.511000000000000000e+03 1.000000000000000000e+00
3.600000000000000000e+02 1.467000000000000000e+03 1.000000000000000000e+00
1.250000000000000000e+03 1.522000000000000000e+03 1.000000000000000000e+00
1.000000000000000000e+03 1.493000000000000000e+03 1.000000000000000000e+00
1.000000000000000000e+00 1.462000000000000000e+03 1.000000000000000000e+00
1.500000000000000000e+02 1.493000000000000000e+03 1.000000000000000000e+00
1.021000000000000000e+03 1.407000000000000000e+03 1.000000000000000000e+00
4.640000000000000000e+02 1.508000000000000000e+03 1.000000000000000000e+00
1.310000000000000000e+03 1.544000000000000000e+03 1.000000000000000000e+00
1.281000000000000000e+03 1.530000000000000000e+03 1.000000000000000000e+00
5.200000000000000000e+01 1.420000000000000000e+03 1.000000000000000000e+00
3.060000000000000000e+02 1.508000000000000000e+03 1.000000000000000000e+00
8.880000000000000000e+02 1.514000000000000000e+03 1.000000000000000000e+00
1.171000000000000000e+03 1.530000000000000000e+03 1.000000000000000000e+00
3.030000000000000000e+02 1.514000000000000000e+03 1.000000000000000000e+00
1.380000000000000000e+02 1.429000000000000000e+03 1.000000000000000000e+00
5.940000000000000000e+02 1.435000000000000000e+03 1.000000000000000000e+00
1.140000000000000000e+02 1.407000000000000000e+03 1.000000000000000000e+00
2.610000000000000000e+02 1.509000000000000000e+03 1.000000000000000000e+00
1.200000000000000000e+01 1.530000000000000000e+03 1.000000000000000000e+00
9.500000000000000000e+01 1.470000000000000000e+03 1.000000000000000000e+00
1.283000000000000000e+03 1.530000000000000000e+03 1.000000000000000000e+00
5.770000000000000000e+02 1.517000000000000000e+03 1.000000000000000000e+00
7.480000000000000000e+02 1.407000000000000000e+03 1.000000000000000000e+00
1.033000000000000000e+03 1.440000000000000000e+03 1.000000000000000000e+00
1.236000000000000000e+03 1.522000000000000000e+03 1.000000000000000000e+00
5.910000000000000000e+02 1.457000000000000000e+03 1.000000000000000000e+00
7.720000000000000000e+02 1.493000000000000000e+03 1.000000000000000000e+00
1.367000000000000000e+03 1.450000000000000000e+03 1.000000000000000000e+00
2.480000000000000000e+02 1.514000000000000000e+03 1.000000000000000000e+00
1.100000000000000000e+01 1.530000000000000000e+03 1.000000000000000000e+00
1.037000000000000000e+03 1.429000000000000000e+03 1.000000000000000000e+00
8.030000000000000000e+02 1.444000000000000000e+03 1.000000000000000000e+00
6.330000000000000000e+02 1.468000000000000000e+03 1.000000000000000000e+00
7.540000000000000000e+02 1.401000000000000000e+03 1.000000000000000000e+00
5.770000000000000000e+02 1.470000000000000000e+03 1.000000000000000000e+00
9.610000000000000000e+02 1.525000000000000000e+03 1.000000000000000000e+00
9.260000000000000000e+02 1.524000000000000000e+03 1.000000000000000000e+00
1.420000000000000000e+02 1.476000000000000000e+03 1.000000000000000000e+00
6.930000000000000000e+02 1.535000000000000000e+03 1.000000000000000000e+00
4.930000000000000000e+02 1.504000000000000000e+03 1.000000000000000000e+00
2.580000000000000000e+02 1.439000000000000000e+03 1.000000000000000000e+00
6.800000000000000000e+02 1.484000000000000000e+03 1.000000000000000000e+00
5.980000000000000000e+02 1.493000000000000000e+03 1.000000000000000000e+00
2.200000000000000000e+01 1.518000000000000000e+03 1.000000000000000000e+00
1.038000000000000000e+03 1.420000000000000000e+03 1.000000000000000000e+00
9.580000000000000000e+02 1.437000000000000000e+03 1.000000000000000000e+00
1.380000000000000000e+02 1.440000000000000000e+03 1.000000000000000000e+00
1.006000000000000000e+03 1.531000000000000000e+03 1.000000000000000000e+00
1.146000000000000000e+03 1.373000000000000000e+03 1.000000000000000000e+00
8.260000000000000000e+02 1.410000000000000000e+03 1.000000000000000000e+00
4.480000000000000000e+02 1.493000000000000000e+03 1.000000000000000000e+00
1.366000000000000000e+03 1.458000000000000000e+03 1.000000000000000000e+00
2.060000000000000000e+02 1.490000000000000000e+03 1.000000000000000000e+00
7.950000000000000000e+02 1.493000000000000000e+03 1.000000000000000000e+00
5.170000000000000000e+02 1.479000000000000000e+03 1.000000000000000000e+00
6.210000000000000000e+02 1.376000000000000000e+03 1.000000000000000000e+00
1.310000000000000000e+02 1.388000000000000000e+03 1.000000000000000000e+00
5.060000000000000000e+02 1.468000000000000000e+03 1.000000000000000000e+00
1.313000000000000000e+03 1.403000000000000000e+03 1.000000000000000000e+00
5.300000000000000000e+01 1.514000000000000000e+03 1.000000000000000000e+00
1.730000000000000000e+02 1.481000000000000000e+03 1.000000000000000000e+00
9.680000000000000000e+02 1.542000000000000000e+03 1.000000000000000000e+00
6.360000000000000000e+02 1.459000000000000000e+03 1.000000000000000000e+00
3.850000000000000000e+02 1.493000000000000000e+03 1.000000000000000000e+00
1.356000000000000000e+03 1.437000000000000000e+03 1.000000000000000000e+00
1.049000000000000000e+03 1.476000000000000000e+03 1.000000000000000000e+00
6.250000000000000000e+02 1.493000000000000000e+03 1.000000000000000000e+00
1.042000000000000000e+03 1.442000000000000000e+03 1.000000000000000000e+00
1.370000000000000000e+03 1.479000000000000000e+03 1.000000000000000000e+00
7.190000000000000000e+02 1.508000000000000000e+03 1.000000000000000000e+00
5.800000000000000000e+02 1.474000000000000000e+03 1.000000000000000000e+00
8.640000000000000000e+02 1.448000000000000000e+03 1.000000000000000000e+00
1.046000000000000000e+03 1.476000000000000000e+03 1.000000000000000000e+00
1.087000000000000000e+03 1.508000000000000000e+03 1.000000000000000000e+00
4.670000000000000000e+02 1.434000000000000000e+03 1.000000000000000000e+00
4.490000000000000000e+02 1.461000000000000000e+03 1.000000000000000000e+00
1.800000000000000000e+01 1.513000000000000000e+03 1.000000000000000000e+00
1.370000000000000000e+02 1.508000000000000000e+03 1.000000000000000000e+00
2.900000000000000000e+01 1.401000000000000000e+03 1.000000000000000000e+00
1.146000000000000000e+03 1.375000000000000000e+03 1.000000000000000000e+00
5.040000000000000000e+02 1.409000000000000000e+03 1.000000000000000000e+00
2.920000000000000000e+02 1.410000000000000000e+03 1.000000000000000000e+00
5.660000000000000000e+02 1.446000000000000000e+03 1.000000000000000000e+00
6.980000000000000000e+02 1.375000000000000000e+03 1.000000000000000000e+00
5.480000000000000000e+02 1.513000000000000000e+03 1.000000000000000000e+00
3.420000000000000000e+02 1.520000000000000000e+03 1.000000000000000000e+00
3.200000000000000000e+01 1.531000000000000000e+03 1.000000000000000000e+00
6.510000000000000000e+02 1.459000000000000000e+03 1.000000000000000000e+00
6.010000000000000000e+02 1.514000000000000000e+03 1.000000000000000000e+00
7.020000000000000000e+02 1.500000000000000000e+03 1.000000000000000000e+00
9.300000000000000000e+02 1.485000000000000000e+03 1.000000000000000000e+00
1.341000000000000000e+03 1.508000000000000000e+03 1.000000000000000000e+00
1.201000000000000000e+03 1.430000000000000000e+03 1.000000000000000000e+00
9.700000000000000000e+01 1.440000000000000000e+03 1.000000000000000000e+00
1.292000000000000000e+03 1.407000000000000000e+03 1.000000000000000000e+00
6.790000000000000000e+02 1.522000000000000000e+03 1.000000000000000000e+00
9.220000000000000000e+02 1.376000000000000000e+03 1.000000000000000000e+00
2.570000000000000000e+02 1.513000000000000000e+03 1.000000000000000000e+00
1.145000000000000000e+03 1.489000000000000000e+03 1.000000000000000000e+00
7.880000000000000000e+02 1.529000000000000000e+03 1.000000000000000000e+00
3.880000000000000000e+02 1.394000000000000000e+03 1.000000000000000000e+00
8.260000000000000000e+02 1.412000000000000000e+03 1.000000000000000000e+00
5.490000000000000000e+02 1.508000000000000000e+03 1.000000000000000000e+00
8.390000000000000000e+02 1.379000000000000000e+03 1.000000000000000000e+00
2.900000000000000000e+02 1.449000000000000000e+03 1.000000000000000000e+00
1.210000000000000000e+02 1.524000000000000000e+03 1.000000000000000000e+00
9.090000000000000000e+02 1.416000000000000000e+03 1.000000000000000000e+00
1.032000000000000000e+03 1.440000000000000000e+03 1.000000000000000000e+00
1.074000000000000000e+03 1.543000000000000000e+03 1.000000000000000000e+00
9.650000000000000000e+02 1.407000000000000000e+03 1.000000000000000000e+00
1.287000000000000000e+03 1.461000000000000000e+03 1.000000000000000000e+00
6.980000000000000000e+02 1.421000000000000000e+03 1.000000000000000000e+00
1.243000000000000000e+03 1.381000000000000000e+03 1.000000000000000000e+00
6.960000000000000000e+02 1.508000000000000000e+03 1.000000000000000000e+00
2.690000000000000000e+02 1.487000000000000000e+03 1.000000000000000000e+00
5.200000000000000000e+01 1.508000000000000000e+03 1.000000000000000000e+00
8.870000000000000000e+02 1.493000000000000000e+03 1.000000000000000000e+00
1.259000000000000000e+03 1.406000000000000000e+03 1.000000000000000000e+00
6.200000000000000000e+02 1.500000000000000000e+03 1.000000000000000000e+00
7.300000000000000000e+01 1.407000000000000000e+03 1.000000000000000000e+00
7.500000000000000000e+02 1.406000000000000000e+03 1.000000000000000000e+00
5.280000000000000000e+02 1.377000000000000000e+03 1.000000000000000000e+00
1.263000000000000000e+03 1.373000000000000000e+03 1.000000000000000000e+00
1.004000000000000000e+03 1.493000000000000000e+03 1.000000000000000000e+00
3.500000000000000000e+02 1.448000000000000000e+03 1.000000000000000000e+00
1.061000000000000000e+03 1.375000000000000000e+03 1.000000000000000000e+00
5.820000000000000000e+02 1.395000000000000000e+03 1.000000000000000000e+00
3.150000000000000000e+02 1.514000000000000000e+03 1.000000000000000000e+00
6.710000000000000000e+02 1.464000000000000000e+03 1.000000000000000000e+00
3.640000000000000000e+02 1.529000000000000000e+03 1.000000000000000000e+00
6.740000000000000000e+02 1.515000000000000000e+03 1.000000000000000000e+00
4.430000000000000000e+02 1.419000000000000000e+03 1.000000000000000000e+00
8.020000000000000000e+02 1.524000000000000000e+03 1.000000000000000000e+00
1.232000000000000000e+03 1.516000000000000000e+03 1.000000000000000000e+00
8.810000000000000000e+02 1.513000000000000000e+03 1.000000000000000000e+00
7.700000000000000000e+02 1.440000000000000000e+03 1.000000000000000000e+00
2.040000000000000000e+02 1.514000000000000000e+03 1.000000000000000000e+00
1.204000000000000000e+03 1.522000000000000000e+03 1.000000000000000000e+00
7.790000000000000000e+02 1.500000000000000000e+03 1.000000000000000000e+00
1.246000000000000000e+03 1.493000000000000000e+03 1.000000000000000000e+00
4.300000000000000000e+02 1.450000000000000000e+03 1.000000000000000000e+00
