1105 87 1
266 34 1
459 8 1
582 135 1
280 149 1
1165 171 1
1021 4 1
1061 149 1
563 18 1
1111 135 1
294 73 1
707 34 1
1281 6 1
1221 145 1
1219 108 1
510 34 1
264 120 1
1300 115 1
693 5 1
230 16 1
160 120 1
327 101 1
483 64 1
1084 135 1
1278 146 1
307 76 1
615 80 1
1226 5 1
1178 137 1
783 69 1
530 34 1
322 9 1
572 153 1
1058 98 1
1330 135 1
361 120 1
736 7 1
91 70 1
29 135 1
1291 112 1
246 74 1
0 29 1
1039 47 1
649 140 1
251 157 1
1304 102 1
1334 141 1
1366 67 1
349 120 1
998 26 1
1223 67 1
1027 107 1
1349 108 1
458 113 1
695 35 1
1095 94 1
148 120 1
427 37 1
42 149 1
891 15 1
777 156 1
1152 40 1
743 125 1
242 124 1
223 30 1
894 144 1
723 21 1
515 120 1
1262 114 1
550 169 1
826 41 1
799 21 1
580 28 1
708 67 1
141 103 1
349 153 1
562 21 1
710 119 1
540 67 1
708 83 1
208 135 1
1173 160 1
985 120 1
813 137 1
1056 145 1
1277 90 1
1055 73 1
922 140 1
76 96 1
119 149 1
554 152 1
721 24 1
834 120 1
493 120 1
942 51 1
1174 116 1
813 135 1
1002 104 1
190 135 1
535 7 1
1040 28 1
336 111 1
56 120 1
166 120 1
1005 114 1
633 120 1
1330 81 1
757 57 1
634 2 1
326 135 1
680 136 1
768 109 1
1048 135 1
738 28 1
1353 170 1
213 118 1
444 34 1
210 72 1
850 111 1
763 137 1
780 65 1
1003 120 1
482 115 1
338 135 1
204 92 1
130 21 1
519 76 1
1107 3 1
400 39 1
1315 34 1
258 120 1
43 117 1
475 169 1
304 135 1
1321 131 1
752 45 1
88 134 1
752 135 1
651 76 1
139 78 1
1106 120 1
134 144 1
389 116 1
1073 73 1
192 1 1
132 149 1
1238 145 1
1032 169 1
786 101 1
583 21 1
439 62 1
493 5 1
1306 30 1
1068 91 1
253 106 1
1205 149 1
786 155 1
78 135 1
987 135 1
630 147 1
1005 145 1
161 120 1
1358 115 1
813 120 1
175 120 1
477 25 1
136 135 1
869 44 1
1151 129 1
1114 21 1
1312 114 1
939 149 1
59 124 1
633 171 1
798 25 1
185 135 1
1343 64 1
245 43 1
75 114 1
971 149 1
424 100 1
1225 135 1
184 135 1
273 133 1
731 123 1
472 10 1
1047 13 1
736 97 1
186 120 1
1263 135 1
1020 66 1
1047 55 1
1179 120 1
681 135 1
1243 67 1
899 19 1
1125 103 1
151 142 1
190 152 1
771 86 1
55 79 1
533 29 1
829 135 1
783 64 1
355 166 1
369 142 1
1191 98 1
623 140 1
340 67 1
318 159 1
394 120 1
241 166 1
1294 120 1
731 9 1
1 72 1
532 120 1
1367 120 1
196 79 1
991 149 1
364 34 1
1364 10 1
897 149 1
613 19 1
741 115 1
922 32 1
858 67 1
182 166 1
22 149 1
88 2 1
125 89 1
683 0 1
595 144 1
347 125 1
535 58 1
22 51 1
1010 28 1
605 133 1
2 95 1
417 95 1
1340 44 1
251 135 1
808 11 1
481 8 1
986 99 1
951 120 1
712 141 1
1370 96 1
310 135 1
1219 34 1
723 67 1
984 99 1
417 36 1
898 3 1
59 120 1
626 122 1
1348 84 1
465 47 1
1038 67 1
812 34 1
270 72 1
1202 153 1
869 30 1
1307 63 1
1027 48 1
579 28 1
708 14 1
1130 92 1
124 33 1
1280 116 1
314 120 1
58 138 1
261 66 1
298 55 1
151 120 1
989 152 1
737 158 1
367 152 1
990 120 1
35 149 1
862 81 1
598 75 1
808 143 1
929 167 1
1203 120 1
1137 74 1
1307 116 1
1364 90 1
966 34 1
154 34 1
781 138 1
52 141 1
224 28 1
741 21 1
342 169 1
891 72 1
670 121 1
1061 64 1
1177 48 1
781 129 1
926 34 1
179 34 1
537 42 1
1160 57 1
452 58 1
495 88 1
169 8 1
134 149 1
970 145 1
966 80 1
571 135 1
336 26 1
898 157 1
1176 110 1
1370 27 1
43 27 1
1238 114 1
376 120 1
597 112 1
401 149 1
380 155 1
1123 63 1
799 67 1
962 46 1
615 153 1
425 132 1
543 3 1
986 135 1
505 88 1
188 106 1
995 120 1
386 21 1
360 133 1
234 104 1
1079 135 1
286 96 1
352 160 1
106 166 1
1056 9 1
998 45 1
785 120 1
1091 157 1
81 45 1
1197 67 1
458 109 1
671 75 1
1010 132 1
1192 31 1
1023 34 1
428 45 1
88 120 1
828 20 1
703 166 1
637 120 1
130 98 1
1365 88 1
1025 32 1
1190 62 1
979 28 1
1178 148 1
409 142 1
508 34 1
167 7 1
1363 92 1
799 46 1
4 93 1
890 34 1
588 120 1
961 122 1
643 83 1
928 83 1
1310 46 1
953 58 1
574 99 1
393 120 1
1135 142 1
93 8 1
859 120 1
1209 135 1
167 149 1
773 135 1
137 93 1
852 120 1
806 168 1
318 141 1
183 146 1
954 120 1
735 149 1
23 31 1
656 135 1
1130 135 1
609 38 1
1363 91 1
131 102 1
98 39 1
1102 152 1
1200 75 1
381 2 1
1318 168 1
138 93 1
629 120 1
706 120 1
857 135 1
23 131 1
1364 161 1
1163 113 1
467 149 1
134 140 1
1308 82 1
734 89 1
899 140 1
1123 116 1
1220 68 1
1193 35 1
1231 98 1
1259 58 1
378 10 1
1248 149 1
565 22 1
471 114 1
418 116 1
236 99 1
336 92 1
1314 97 1
847 87 1
1283 23 1
807 169 1
1064 34 1
1144 34 1
468 115 1
1150 63 1
1190 100 1
1339 153 1
700 149 1
1358 34 1
113 149 1
1234 141 1
123 120 1
1129 135 1
54 141 1
171 5 1
1207 18 1
217 68 1
490 51 1
747 99 1
651 79 1
587 81 1
552 55 1
428 149 1
200 67 1
788 70 1
554 47 1
24 120 1
615 140 1
163 135 1
1239 149 1
1246 53 1
10 157 1
209 106 1
10 65 1
680 135 1
1172 155 1
1259 164 1
429 84 1
120 149 1
183 116 1
1018 106 1
488 34 1
129 21 1
367 127 1
777 64 1
275 11 1
1274 104 1
562 2 1
895 67 1
36 135 1
791 9 1
901 160 1
395 152 1
813 28 1
800 135 1
1036 9 1
507 120 1
1362 8 1
70 106 1
40 139 1
1124 34 1
230 120 1
730 57 1
999 120 1
846 48 1
574 148 1
1177 149 1
493 17 1
1286 164 1
567 17 1
147 120 1
635 94 1
1225 34 1
163 96 1
958 50 1
696 128 1
544 40 1
812 58 1
331 1 1
804 7 1
1100 170 1
558 10 1
1067 144 1
1073 107 1
498 120 1
867 34 1
28 56 1
176 67 1
146 46 1
442 45 1
1342 34 1
733 170 1
963 99 1
80 57 1
864 64 1
1357 64 1
686 56 1
721 113 1
234 54 1
435 33 1
581 140 1
213 141 1
1145 158 1
0 65 1
359 141 1
1336 66 1
1343 139 1
1340 152 1
1335 42 1
1364 104 1
680 108 1
58 120 1
594 168 1
829 120 1
610 34 1
701 94 1
912 120 1
465 30 1
1003 162 1
365 135 1
587 135 1
900 123 1
641 18 1
560 54 1
579 125 1
675 36 1
1065 24 1
633 149 1
185 146 1
452 57 1
255 66 1
885 62 1
1232 161 1
834 28 1
155 120 1
24 135 1
175 11 1
393 99 1
1303 67 1
1027 115 1
1327 169 1
450 120 1
828 88 1
567 67 1
776 120 1
645 141 1
561 24 1
619 108 1
502 69 1
201 76 1
233 141 1
1360 34 1
1132 135 1
1101 170 1
24 76 1
1303 1 1
584 152 1
1345 9 1
566 67 1
564 99 1
341 67 1
208 160 1
757 91 1
1164 106 1
867 172 1
235 141 1
515 161 1
524 168 1
1213 7 1
180 131 1
939 68 1
141 47 1
624 92 1
547 132 1
79 135 1
924 75 1
102 57 1
1357 150 1
1100 147 1
17 135 1
160 2 1
25 140 1
577 2 1
1258 123 1
967 117 1
1118 169 1
177 50 1
280 116 1
501 101 1
1243 160 1
84 135 1
712 135 1
280 135 1
16 118 1
721 145 1
455 92 1
616 34 1
1174 120 1
934 74 1
525 88 1
1166 34 1
186 135 1
61 120 1
504 145 1
895 88 1
937 155 1
29 120 1
1361 34 1
726 120 1
1217 167 1
336 126 1
851 120 1
135 127 1
5 77 1
720 129 1
709 67 1
334 120 1
965 90 1
938 120 1
602 149 1
858 168 1
447 4 1
720 140 1
493 124 1
443 99 1
547 37 1
945 3 1
1289 88 1
814 135 1
908 30 1
201 79 1
30 120 1
1256 111 1
761 169 1
202 135 1
1087 120 1
1207 149 1
263 34 1
592 154 1
523 8 1
255 65 1
625 135 1
1059 56 1
871 34 1
1240 140 1
678 153 1
934 141 1
772 145 1
1048 102 1
688 154 1
1024 130 1
295 24 1
471 31 1
1066 149 1
1251 108 1
522 46 1
644 135 1
985 99 1
830 120 1
1338 67 1
1372 166 1
1282 67 1
464 28 1
537 67 1
1013 112 1
416 69 1
1029 152 1
102 137 1
599 172 1
464 67 1
586 34 1
892 91 1
279 135 1
739 11 1
1021 157 1
849 61 1
690 68 1
331 122 1
11 23 1
958 135 1
1218 68 1
1223 135 1
1030 102 1
45 7 1
937 99 1
683 99 1
335 8 1
1003 101 1
534 71 1
297 75 1
1366 162 1
598 104 1
124 121 1
1251 115 1
226 120 1
406 113 1
724 153 1
879 148 1
636 47 1
776 149 1
613 149 1
720 142 1
308 76 1
32 34 1
659 102 1
387 34 1
138 103 1
1094 171 1
1250 153 1
439 99 1
884 149 1
472 28 1
27 135 1
1153 140 1
323 140 1
839 120 1
902 30 1
1006 30 1
196 120 1
520 36 1
242 27 1
898 149 1
808 101 1
1167 169 1
134 64 1
404 120 1
485 67 1
1118 126 1
1161 45 1
661 135 1
317 34 1
610 88 1
1027 135 1
1006 120 1
276 107 1
306 141 1
894 42 1
1134 114 1
801 120 1
486 153 1
197 156 1
20 140 1
1227 96 1
549 58 1
1303 149 1
289 55 1
610 167 1
957 95 1
673 5 1
1031 169 1
537 135 1
1293 120 1
928 21 1
368 127 1
1000 143 1
1237 149 1
454 135 1
1319 168 1
508 160 1
987 147 1
569 31 1
1131 15 1
1355 22 1
927 141 1
384 14 1
604 135 1
1237 137 1
1242 122 1
701 144 1
236 140 1
455 169 1
30 151 1
1086 121 1
150 34 1
1221 37 1
875 41 1
587 38 1
1174 135 1
798 151 1
737 56 1
173 36 1
171 141 1
438 67 1
257 66 1
1127 159 1
751 172 1
701 55 1
1337 99 1
946 131 1
326 126 1
223 40 1
400 120 1
398 120 1
714 51 1
161 57 1
412 120 1
90 128 1
1211 140 1
1256 135 1
1150 135 1
878 41 1
43 171 1
421 65 1
883 56 1
120 142 1
1370 38 1
933 21 1
371 92 1
15 120 1
651 52 1
911 135 1
64 84 1
1052 67 1
1318 164 1
816 5 1
253 115 1
187 126 1
1212 88 1
808 145 1
962 114 1
1321 135 1
894 138 1
360 94 1
1250 149 1
1000 120 1
1 89 1
150 120 1
1021 34 1
464 135 1
1310 171 1
1281 157 1
52 47 1
306 135 1
888 141 1
1171 157 1
303 141 1
138 56 1
594 62 1
114 34 1
261 136 1
12 157 1
95 97 1
1283 157 1
577 144 1
748 34 1
1033 67 1
1236 149 1
591 84 1
772 120 1
1367 77 1
248 141 1
11 157 1
1037 56 1
803 71 1
633 95 1
754 28 1
577 97 1
961 152 1
926 151 1
142 103 1
693 162 1
493 131 1
258 66 1
680 111 1
598 120 1
22 145 1
1038 47 1
958 64 1
138 67 1
1006 158 1
1146 0 1
826 37 1
448 120 1
1366 85 1
206 117 1
795 120 1
517 106 1
621 3 1
131 15 1
506 95 1
1313 30 1
53 141 1
173 108 1
968 169 1
636 86 1
385 120 1
1356 64 1
1049 103 1
625 120 1
1042 69 1
1370 106 1
719 135 1
580 101 1
864 75 1
1046 103 1
1087 135 1
467 61 1
449 88 1
18 140 1
137 135 1
29 28 1
1146 2 1
504 36 1
292 37 1
566 73 1
698 2 1
548 140 1
342 147 1
32 158 1
651 86 1
601 141 1
702 127 1
930 112 1
1341 135 1
1201 57 1
97 67 1
1292 34 1
679 149 1
922 3 1
257 140 1
1145 116 1
788 156 1
388 21 1
826 39 1
549 135 1
839 6 1
290 76 1
121 151 1
909 43 1
1032 67 1
1074 170 1
965 34 1
1287 88 1
698 48 1
1243 8 1
696 135 1
269 114 1
52 135 1
887 120 1
1259 33 1
620 127 1
73 34 1
750 33 1
528 4 1
1263 0 1
1004 120 1
350 75 1
1061 2 1
582 22 1
315 141 1
671 91 1
364 156 1
674 142 1
443 46 1
802 151 1
1232 143 1
881 140 1
770 67 1
204 141 1
1204 149 1
779 127 1
1246 120 1
430 77 1
