4 149 1
5 169 1
11 7 1
11 149 1
18 120 1
19 140 1
20 120 1
21 64 1
21 135 1
21 149 1
23 120 1
25 120 1
26 135 1
28 149 1
34 75 1
35 135 1
36 120 1
41 135 1
41 141 1
43 7 1
43 149 1
44 7 1
45 149 1
46 157 1
70 141 1
74 34 1
76 34 1
82 135 1
89 169 1
94 135 1
95 135 1
95 141 1
101 140 1
103 127 1
105 127 1
106 127 1
108 120 1
115 120 1
126 2 1
128 21 1
130 103 1
132 135 1
132 140 1
135 120 1
135 149 1
138 21 1
138 135 1
139 135 1
140 67 1
140 120 1
141 21 1
141 135 1
142 120 1
143 135 1
145 120 1
149 34 1
152 120 1
156 120 1
162 135 1
164 140 1
168 135 1
169 120 1
181 166 1
181 171 1
182 120 1
183 135 1
192 120 1
193 120 1
197 147 1
203 120 1
209 141 1
211 141 1
214 120 1
217 141 1
218 7 1
218 157 1
219 149 1
220 149 1
225 149 1
232 141 1
236 135 1
242 135 1
244 166 1
244 171 1
246 7 1
247 135 1
247 141 1
250 135 1
252 135 1
255 120 1
257 65 1
257 120 1
258 65 1
258 135 1
259 135 1
261 135 1
263 120 1
265 120 1
272 75 1
274 141 1
275 141 1
277 120 1
278 149 1
278 157 1
279 149 1
281 149 1
283 120 1
289 21 1
293 140 1
295 127 1
298 135 1
302 75 1
304 141 1
307 10 1
307 130 1
309 135 1
311 34 1
312 120 1
312 135 1
315 135 1
317 19 1
322 140 1
326 21 1
326 140 1
331 141 1
332 120 1
343 141 1
346 34 1
351 135 1
352 120 1
353 171 1
356 120 1
359 135 1
360 28 1
366 120 1
366 135 1
372 127 1
375 120 1
378 130 1
379 120 1
383 120 1
391 120 1
402 120 1
403 131 1
411 135 1
414 34 1
420 83 1
420 165 1
424 120 1
427 34 1
428 6 1
429 149 1
430 34 1
435 67 1
438 104 1
441 108 1
442 21 1
447 16 1
450 127 1
454 120 1
455 120 1
462 94 1
464 105 1
464 30 1
466 21 1
468 30 1
469 47 1
472 135 1
476 99 1
477 34 1
483 120 1
502 31 1
503 120 1
504 135 1
504 120 1
506 127 1
513 34 1
515 135 1
515 140 1
516 164 1
517 149 1
522 120 1
532 135 1
534 149 1
535 149 1
536 149 1
539 67 1
540 34 1
540 135 1
542 57 1
543 140 1
546 67 1
548 152 1
550 152 1
551 24 1
552 47 1
555 120 1
556 21 1
556 94 1
556 149 1
565 67 1
566 120 1
569 120 1
569 152 1
581 135 1
584 149 1
585 135 1
587 67 1
594 169 1
603 50 1
606 67 1
608 135 1
617 120 1
618 67 1
623 67 1
623 96 1
628 114 1
631 147 1
631 156 1
633 116 1
633 131 1
633 9 1
634 120 1
635 120 1
639 70 1
640 105 1
648 141 1
656 141 1
658 141 1
660 135 1
660 141 1
663 120 1
666 67 1
669 67 1
672 34 1
675 135 1
678 7 1
679 157 1
697 58 1
698 94 1
701 67 1
701 120 1
701 127 1
702 2 1
702 94 1
702 120 1
704 135 1
705 141 1
713 141 1
716 34 1
720 135 1
721 149 1
727 57 1
728 57 1
731 135 1
731 140 1
731 149 1
732 135 1
733 120 1
738 120 1
740 28 1
743 131 1
745 135 1
746 135 1
747 78 1
752 39 1
752 35 1
753 67 1
754 135 1
754 141 1
756 120 1
757 135 1
757 67 1
758 34 1
760 169 1
762 75 1
764 47 1
766 34 1
768 88 1
775 120 1
775 140 1
777 67 1
780 127 1
784 161 1
784 135 1
786 148 1
789 57 1
793 57 1
796 153 1
798 69 1
801 147 1
802 21 1
805 168 1
810 34 1
813 136 1
813 138 1
816 135 1
817 140 1
818 120 1
819 169 1
823 34 1
825 120 1
826 34 1
827 34 1
827 36 1
829 140 1
833 135 1
835 149 1
836 120 1
839 67 1
839 135 1
841 31 1
845 67 1
846 67 1
849 120 1
850 30 1
856 120 1
862 67 1
863 135 1
869 169 1
873 75 1
874 149 1
879 149 1
881 34 1
882 169 1
886 67 1
892 88 1
896 30 1
897 157 1
899 67 1
902 120 1
905 120 1
909 19 1
909 112 1
909 34 1
910 19 1
913 140 1
922 120 1
922 11 1
923 120 1
933 135 1
934 135 1
937 150 1
937 158 1
939 156 1
941 168 1
942 98 1
942 135 1
947 149 1
948 120 1
949 154 1
957 67 1
958 120 1
967 135 1
968 2 1
974 149 1
976 21 1
978 135 1
980 117 1
984 120 1
986 120 1
988 64 1
988 140 1
990 140 1
997 120 1
998 120 1
1007 120 1
1009 120 1
1012 135 1
1013 166 1
1013 167 1
1015 131 1
1016 120 1
1016 131 1
1022 34 1
1025 135 1
1027 49 1
1031 67 1
1035 120 1
1036 87 1
1040 34 1
1044 135 1
1046 120 1
1049 53 1
1053 141 1
1058 145 1
1060 120 1
1061 21 1
1061 67 1
1062 135 1
1063 120 1
1065 135 1
1066 120 1
1069 64 1
1069 140 1
1074 120 1
1079 141 1
1081 135 1
1083 34 1
1084 47 1
1085 114 1
1088 67 1
1089 135 1
1090 149 1
1094 67 1
1100 120 1
1105 75 1
1107 83 1
1112 34 1
1113 34 1
1114 19 1
1119 9 1
1120 34 1
1121 99 1
1123 117 1
1125 131 1
1126 67 1
1126 101 1
1126 135 1
1127 120 1
1129 67 1
1135 120 1
1143 67 1
1146 135 1
1147 145 1
1156 120 1
1156 135 1
1157 135 1
1162 108 1
1165 166 1
1165 168 1
1175 88 1
1176 77 1
1181 120 1
1182 115 1
1185 67 1
1186 67 1
1187 140 1
1188 108 1
1195 140 1
1201 145 1
1203 67 1
1203 169 1
1204 157 1
1206 149 1
1210 34 1
1210 59 1
1210 64 1
1210 94 1
1217 120 1
1220 157 1
1224 120 1
1227 29 1
1227 67 1
1235 149 1
1238 135 1
1240 120 1
1248 157 1
1252 149 1
1256 120 1
1260 135 1
1262 67 1
1262 27 1
1264 113 1
1269 67 1
1273 67 1
1279 135 1
1280 120 1
1281 149 1
1295 120 1
1298 120 1
1300 34 1
1310 67 1
1313 108 1
1313 58 1
1316 35 1
1319 169 1
1320 135 1
1323 79 1
1326 145 1
1335 34 1
1337 67 1
1338 116 1
1339 120 1
1340 83 1
1341 120 1
1348 85 1
1351 3 1
1353 67 1
1354 120 1
1369 120 1
1370 135 1
1371 120 1
1372 34 1
1 135 1
3 135 1
6 135 1
7 169 1
15 64 1
17 140 1
19 120 1
19 149 1
20 64 1
20 135 1
20 149 1
22 64 1
22 120 1
23 140 1
25 135 1
26 140 1
27 140 1
28 135 1
29 64 1
29 149 1
30 135 1
30 140 1
31 34 1
36 64 1
43 157 1
46 149 1
49 135 1
50 141 1
54 135 1
55 141 1
63 120 1
64 120 1
67 120 1
72 34 1
86 135 1
87 67 1
91 34 1
92 141 1
100 140 1
102 127 1
110 140 1
112 115 1
118 120 1
121 149 1
124 120 1
125 120 1
126 120 1
127 141 1
129 103 1
133 149 1
134 120 1
136 64 1
136 120 1
137 21 1
137 103 1
137 120 1
140 21 1
141 67 1
143 21 1
143 93 1
143 103 1
143 120 1
144 120 1
146 120 1
154 120 1
157 120 1
158 120 1
163 140 1
165 149 1
168 140 1
172 120 1
173 120 1
180 120 1
183 120 1
184 120 1
185 120 1
187 135 1
188 146 1
189 146 1
193 135 1
194 120 1
198 120 1
202 141 1
205 120 1
206 141 1
207 135 1
215 141 1
218 149 1
221 30 1
222 135 1
224 30 1
226 146 1
237 135 1
241 171 1
245 120 1
249 2 1
255 140 1
257 64 1
257 135 1
260 141 1
261 120 1
262 135 1
266 120 1
267 141 1
269 21 1
276 120 1
284 21 1
286 135 1
286 141 1
287 21 1
291 120 1
292 135 1
293 135 1
294 135 1
301 135 1
312 146 1
314 146 1
319 135 1
319 141 1
320 141 1
321 21 1
324 127 1
327 127 1
330 120 1
331 135 1
336 75 1
338 141 1
339 166 1
339 171 1
344 135 1
344 141 1
353 166 1
353 168 1
355 171 1
357 135 1
369 127 1
373 169 1
374 34 1
377 120 1
390 67 1
392 120 1
396 67 1
399 120 1
409 120 1
413 114 1
421 120 1
423 41 1
426 34 1
428 44 1
432 34 1
435 112 1
438 117 1
443 21 1
446 88 1
449 149 1
450 21 1
450 171 1
453 67 1
457 88 1
457 87 1
461 34 1
462 120 1
465 99 1
472 30 1
474 108 1
476 109 1
486 75 1
492 67 1
493 77 1
493 110 1
494 67 1
499 140 1
501 19 1
504 64 1
504 34 1
511 75 1
515 64 1
518 156 1
519 130 1
520 76 1
523 67 1
529 108 1
533 140 1
537 149 1
541 120 1
545 120 1
547 47 1
547 152 1
550 67 1
553 67 1
555 67 1
557 67 1
558 67 1
562 152 1
565 152 1
565 99 1
568 153 1
569 104 1
570 28 1
570 30 1
571 67 1
575 152 1
575 21 1
580 135 1
583 67 1
585 149 1
589 67 1
590 145 1
592 34 1
594 28 1
594 30 1
598 21 1
598 135 1
599 67 1
605 105 1
606 112 1
611 74 1
612 58 1
612 67 1
613 34 1
614 67 1
615 120 1
615 152 1
620 67 1
622 159 1
623 29 1
625 67 1
625 166 1
626 67 1
631 149 1
632 147 1
632 156 1
633 67 1
633 43 1
633 62 1
633 123 1
638 120 1
640 67 1
644 141 1
649 135 1
650 65 1
658 135 1
659 141 1
664 88 1
665 120 1
668 120 1
668 140 1
672 41 1
673 41 1
677 34 1
678 120 1
678 157 1
682 120 1
685 88 1
687 135 1
689 57 1
692 120 1
695 120 1
698 140 1
699 120 1
700 7 1
702 67 1
703 141 1
707 88 1
708 135 1
709 120 1
710 141 1
711 141 1
714 135 1
721 120 1
729 34 1
730 34 1
731 62 1
731 95 1
731 131 1
732 67 1
734 75 1
739 120 1
742 108 1
744 135 1
745 140 1
747 21 1
749 67 1
752 41 1
752 140 1
753 153 1
755 94 1
765 34 1
769 34 1
774 120 1
786 149 1
786 156 1
787 120 1
788 147 1
789 135 1
791 67 1
797 75 1
799 58 1
803 33 1
804 157 1
805 120 1
806 120 1
809 67 1
821 169 1
821 172 1
822 152 1
825 64 1
826 36 1
831 149 1
832 135 1
838 83 1
839 28 1
839 94 1
842 31 1
844 149 1
847 88 1
850 67 1
850 120 1
852 167 1
853 167 1
854 168 1
872 34 1
876 67 1
876 135 1
883 120 1
885 34 1
889 135 1
894 135 1
894 142 1
894 143 1
909 148 1
910 34 1
913 120 1
919 31 1
921 31 1
922 135 1
922 34 1
925 88 1
937 151 1
943 120 1
950 120 1
955 135 1
963 47 1
963 67 1
963 152 1
964 120 1
967 58 1
967 115 1
970 75 1
970 105 1
973 149 1
980 120 1
980 94 1
982 135 1
983 99 1
985 135 1
987 149 1
988 120 1
989 120 1
990 135 1
992 28 1
993 120 1
994 120 1
1004 64 1
1004 140 1
1012 64 1
1012 120 1
1027 154 1
1028 33 1
1030 135 1
1038 172 1
1039 67 1
1042 67 1
1043 88 1
1048 140 1
1054 131 1
1059 140 1
1061 94 1
1066 64 1
1067 67 1
1070 145 1
1076 120 1
1083 36 1
1083 38 1
1084 152 1
1086 34 1
1088 58 1
1091 135 1
1093 120 1
1095 67 1
1096 21 1
1097 120 1
1099 120 1
1103 102 1
1108 120 1
1110 34 1
1111 34 1
1112 120 1
1114 0 1
1114 1 1
1116 135 1
1118 34 1
1119 120 1
1122 51 1
1123 94 1
1123 131 1
1133 135 1
1136 135 1
1138 120 1
1140 47 1
1141 47 1
1143 149 1
1143 135 1
1146 34 1
1146 141 1
1149 34 1
1155 34 1
1156 64 1
1156 140 1
1158 120 1
1159 149 1
1164 152 1
1165 167 1
1169 135 1
1176 120 1
1176 124 1
1178 135 1
1179 28 1
1179 30 1
1179 135 1
1194 31 1
1195 135 1
1196 120 1
1198 67 1
1200 140 1
1210 120 1
1211 135 1
1213 149 1
1216 120 1
1222 64 1
1225 120 1
1225 140 1
1227 135 1
1228 135 1
1229 135 1
1233 152 1
1234 67 1
1239 157 1
1241 122 1
1243 14 1
1244 26 1
1246 135 1
1247 168 1
1255 67 1
1258 73 1
1258 99 1
1261 34 1
1267 67 1
1271 113 1
1275 67 1
1276 67 1
1278 169 1
1287 58 1
1290 34 1
1291 19 1
1291 67 1
1294 135 1
1296 58 1
1299 149 1
1305 67 1
1305 135 1
1309 88 1
1309 87 1
1311 34 1
1313 145 1
1316 36 1
1317 34 1
1323 135 1
1325 64 1
1328 135 1
1330 64 1
1331 135 1
1332 75 1
1334 34 1
1338 94 1
1340 67 1
1341 169 1
1343 12 1
1343 140 1
1347 108 1
1352 67 1
1368 120 1
1370 67 1
1370 140 1
2 135 1
5 120 1
6 120 1
6 169 1
7 120 1
9 120 1
10 7 1
13 149 1
14 149 1
15 149 1
16 135 1
16 140 1
16 149 1
17 149 1
18 149 1
19 135 1
21 120 1
21 140 1
22 135 1
23 135 1
23 149 1
24 64 1
24 140 1
25 64 1
27 64 1
28 64 1
28 140 1
29 140 1
33 75 1
36 140 1
36 149 1
38 34 1
39 34 1
40 34 1
42 7 1
44 149 1
46 7 1
50 135 1
51 135 1
57 120 1
68 135 1
69 141 1
75 34 1
77 120 1
83 135 1
89 168 1
90 75 1
93 141 1
94 141 1
96 67 1
99 67 1
107 127 1
109 140 1
116 67 1
116 120 1
122 149 1
130 135 1
131 149 1
132 120 1
133 120 1
133 135 1
133 140 1
135 64 1
135 140 1
136 149 1
137 67 1
139 21 1
139 67 1
140 103 1
141 120 1
142 67 1
143 67 1
145 135 1
152 34 1
153 34 1
155 34 1
156 34 1
164 135 1
167 157 1
174 120 1
176 120 1
178 67 1
180 135 1
184 146 1
186 146 1
187 120 1
188 120 1
189 120 1
189 135 1
191 120 1
191 135 1
201 9 1
212 135 1
212 141 1
214 135 1
216 141 1
221 28 1
223 28 1
226 135 1
227 135 1
227 140 1
228 120 1
232 135 1
234 141 1
238 127 1
239 75 1
240 67 1
243 67 1
244 168 1
244 169 1
249 127 1
253 135 1
253 141 1
255 64 1
255 135 1
256 135 1
258 67 1
261 64 1
261 67 1
268 21 1
270 168 1
270 169 1
271 141 1
273 141 1
281 116 1
281 135 1
288 21 1
290 135 1
294 140 1
305 135 1
305 141 1
313 34 1
333 135 1
337 131 1
347 67 1
351 141 1
353 167 1
354 75 1
357 141 1
360 30 1
363 120 1
366 146 1
371 127 1
380 120 1
381 34 1
397 120 1
401 120 1
407 120 1
410 120 1
416 88 1
417 120 1
418 59 1
419 34 1
427 120 1
431 51 1
433 34 1
434 140 1
435 34 1
437 91 1
438 58 1
445 152 1
445 120 1
445 21 1
445 135 1
451 67 1
455 135 1
462 61 1
463 152 1
466 43 1
467 97 1
468 28 1
473 120 1
475 168 1
479 34 1
481 120 1
484 135 1
491 34 1
500 34 1
503 135 1
503 145 1
509 131 1
512 34 1
518 147 1
520 121 1
520 10 1
521 164 1
523 120 1
524 120 1
528 34 1
531 34 1
535 157 1
537 127 1
539 34 1
541 28 1
543 120 1
543 11 1
544 135 1
556 75 1
556 116 1
558 135 1
558 99 1
560 67 1
562 99 1
563 152 1
564 47 1
565 135 1
569 67 1
569 145 1
569 117 1
569 118 1
573 152 1
576 20 1
582 67 1
582 15 1
583 33 1
584 34 1
587 120 1
590 149 1
593 86 1
594 171 1
595 34 1
596 120 1
598 145 1
598 118 1
600 120 1
602 135 1
606 19 1
609 133 1
609 115 1
614 120 1
615 67 1
615 99 1
621 135 1
623 120 1
623 135 1
624 120 1
625 55 1
627 114 1
630 120 1
633 28 1
633 30 1
633 170 1
633 126 1
633 34 1
636 135 1
636 152 1
642 120 1
643 135 1
646 82 1
653 135 1
657 135 1
670 13 1
673 34 1
675 141 1
679 7 1
683 100 1
683 152 1
684 31 1
691 120 1
694 34 1
698 135 1
700 157 1
708 120 1
709 58 1
713 135 1
715 149 1
717 88 1
718 135 1
724 88 1
725 75 1
731 28 1
731 30 1
731 34 1
731 126 1
731 152 1
733 67 1
736 58 1
737 120 1
738 67 1
740 30 1
745 120 1
745 64 1
749 135 1
751 140 1
752 34 1
752 28 1
757 120 1
759 67 1
763 47 1
782 127 1
784 67 1
784 128 1
785 67 1
786 158 1
789 67 1
790 120 1
794 83 1
804 149 1
813 139 1
813 140 1
815 135 1
821 67 1
821 135 1
824 67 1
825 135 1
828 34 1
830 135 1
830 140 1
832 34 1
839 2 1
839 127 1
845 21 1
848 120 1
850 28 1
850 4 1
856 135 1
861 34 1
866 34 1
868 135 1
876 169 1
877 67 1
877 58 1
878 67 1
880 31 1
882 135 1
889 141 1
891 34 1
896 28 1
899 112 1
900 135 1
906 120 1
907 120 1
908 120 1
911 58 1
912 140 1
914 120 1
916 149 1
917 31 1
918 120 1
920 31 1
929 119 1
930 135 1
932 135 1
933 120 1
933 127 1
935 67 1
937 156 1
940 156 1
943 149 1
945 113 1
950 40 1
952 120 1
958 149 1
959 120 1
962 79 1
972 149 1
979 135 1
983 120 1
983 135 1
984 135 1
987 120 1
989 64 1
989 135 1
989 149 1
992 30 1
993 2 1
996 120 1
1002 120 1
1008 120 1
1010 30 1
1013 171 1
1014 120 1
1017 120 1
1018 131 1
1024 135 1
1032 120 1
1033 169 1
1037 67 1
1037 169 1
1039 58 1
1042 58 1
1047 51 1
1047 163 1
1048 99 1
1048 120 1
1055 169 1
1056 120 1
1057 120 1
1061 120 1
1061 135 1
1065 141 1
1069 149 1
1070 75 1
1075 120 1
1077 135 1
1078 21 1
1082 91 1
1083 35 1
1092 90 1
1093 67 1
1094 120 1
1098 28 1
1101 120 1
1103 1 1
1104 67 1
1104 120 1
1105 135 1
1108 135 1
1109 34 1
1109 120 1
1109 135 1
1110 135 1
1113 120 1
1114 120 1
1117 169 1
1119 135 1
1121 28 1
1121 120 1
1123 67 1
1126 47 1
1127 67 1
1128 34 1
1132 141 1
1138 152 1
1139 40 1
1143 120 1
1153 135 1
1154 149 1
1156 149 1
1160 120 1
1164 140 1
1167 67 1
1167 120 1
1168 135 1
1171 149 1
1172 131 1
1173 58 1
1173 133 1
1179 67 1
1183 31 1
1184 91 1
1187 67 1
1187 135 1
1196 9 1
1202 33 1
1206 7 1
1207 7 1
1207 157 1
1208 149 1
1208 156 1
1212 87 1
1215 11 1
1218 149 1
1227 120 1
1227 140 1
1244 22 1
1245 34 1
1257 135 1
1262 54 1
1263 67 1
1265 113 1
1280 67 1
1283 135 1
1284 135 1
1285 82 1
1296 67 1
1299 34 1
1302 34 1
1304 135 1
1305 58 1
1308 34 1
1313 120 1
1313 135 1
1316 38 1
1316 120 1
1316 135 1
1316 140 1
1322 120 1
1323 149 1
1323 108 1
1324 135 1
1328 64 1
1336 120 1
1338 131 1
1341 67 1
1343 135 1
1343 65 1
1343 40 1
1343 138 1
1346 120 1
1348 83 1
1359 135 1
1364 120 1
1370 29 1
10 157 1
11 157 1
12 157 1
15 120 1
17 135 1
18 140 1
20 140 1
22 149 1
24 120 1
24 135 1
25 140 1
27 135 1
29 120 1
29 135 1
30 120 1
32 34 1
35 149 1
36 135 1
42 149 1
45 7 1
52 135 1
52 141 1
53 141 1
54 141 1
56 120 1
58 120 1
59 120 1
61 120 1
73 34 1
78 135 1
79 135 1
84 135 1
88 2 1
88 120 1
97 67 1
113 149 1
114 34 1
119 149 1
120 149 1
123 120 1
129 21 1
130 21 1
132 149 1
134 64 1
134 140 1
134 149 1
136 135 1
137 93 1
137 135 1
138 67 1
138 93 1
138 103 1
141 103 1
142 103 1
147 120 1
148 120 1
150 34 1
150 120 1
151 120 1
154 34 1
155 120 1
160 120 1
161 120 1
163 135 1
166 120 1
167 7 1
167 149 1
175 120 1
176 67 1
179 34 1
183 146 1
184 135 1
185 135 1
185 146 1
186 120 1
186 135 1
190 135 1
196 120 1
197 156 1
200 67 1
201 76 1
202 135 1
204 141 1
208 135 1
213 141 1
223 30 1
224 28 1
226 120 1
230 120 1
233 141 1
235 141 1
236 140 1
241 166 1
248 141 1
251 135 1
255 65 1
255 66 1
257 66 1
257 140 1
258 66 1
258 120 1
261 66 1
263 34 1
264 120 1
266 34 1
279 135 1
280 116 1
280 135 1
280 149 1
297 75 1
303 141 1
304 135 1
306 135 1
306 141 1
308 76 1
310 135 1
314 120 1
315 141 1
317 34 1
318 141 1
323 140 1
326 135 1
334 120 1
338 135 1
340 67 1
341 67 1
342 169 1
349 120 1
350 75 1
355 166 1
359 141 1
361 120 1
364 34 1
365 135 1
367 127 1
368 127 1
376 120 1
378 10 1
385 120 1
386 21 1
387 34 1
388 21 1
389 116 1
393 120 1
394 120 1
398 120 1
400 120 1
404 120 1
412 120 1
418 116 1
425 132 1
428 149 1
438 67 1
443 99 1
444 34 1
448 120 1
450 120 1
452 58 1
454 135 1
455 169 1
458 113 1
464 67 1
464 28 1
464 135 1
465 47 1
467 149 1
471 31 1
472 28 1
475 169 1
482 115 1
485 67 1
486 153 1
488 34 1
490 51 1
493 5 1
493 17 1
493 120 1
493 124 1
493 131 1
495 88 1
498 120 1
504 145 1
504 36 1
505 88 1
507 120 1
508 34 1
510 34 1
515 120 1
519 76 1
525 88 1
530 34 1
532 120 1
533 29 1
535 7 1
537 42 1
537 135 1
537 67 1
540 67 1
549 135 1
554 47 1
554 152 1
561 24 1
562 21 1
562 2 1
564 99 1
566 67 1
567 67 1
569 31 1
571 135 1
572 153 1
574 99 1
581 140 1
582 135 1
583 21 1
586 34 1
587 135 1
588 120 1
594 168 1
598 120 1
598 75 1
598 104 1
601 141 1
604 135 1
605 133 1
610 34 1
613 149 1
615 153 1
616 34 1
619 108 1
623 140 1
625 120 1
625 135 1
629 120 1
633 120 1
633 171 1
633 149 1
633 95 1
635 94 1
636 47 1
637 120 1
644 135 1
645 141 1
649 140 1
656 135 1
661 135 1
671 75 1
679 149 1
680 135 1
681 135 1
683 99 1
686 56 1
696 135 1
698 2 1
698 48 1
700 149 1
701 94 1
702 127 1
706 120 1
708 67 1
709 67 1
710 119 1
712 135 1
712 141 1
719 135 1
720 140 1
721 145 1
723 21 1
726 120 1
730 57 1
731 9 1
731 123 1
735 149 1
738 28 1
741 21 1
747 99 1
748 34 1
750 33 1
752 135 1
761 169 1
770 67 1
772 120 1
772 145 1
773 135 1
776 149 1
776 120 1
779 127 1
785 120 1
786 155 1
788 156 1
795 120 1
798 25 1
799 67 1
799 21 1
800 135 1
801 120 1
804 7 1
806 168 1
807 169 1
808 145 1
812 34 1
813 28 1
813 120 1
813 135 1
813 137 1
814 135 1
826 37 1
826 39 1
826 41 1
829 120 1
829 135 1
830 120 1
834 120 1
839 120 1
847 87 1
850 111 1
851 120 1
852 120 1
857 135 1
858 67 1
859 120 1
864 75 1
867 34 1
871 34 1
875 41 1
884 149 1
887 120 1
888 141 1
890 34 1
891 15 1
891 72 1
894 138 1
894 144 1
895 67 1
897 149 1
898 149 1
898 157 1
899 19 1
911 135 1
912 120 1
922 140 1
922 32 1
924 75 1
926 34 1
927 141 1
928 21 1
933 21 1
934 141 1
937 155 1
938 120 1
939 149 1
942 51 1
951 120 1
953 58 1
954 120 1
958 64 1
958 135 1
961 152 1
962 46 1
962 114 1
965 34 1
966 34 1
970 145 1
971 149 1
984 99 1
985 99 1
985 120 1
986 99 1
986 135 1
987 135 1
990 120 1
991 149 1
995 120 1
999 120 1
1000 120 1
1003 120 1
1004 120 1
1005 114 1
1006 120 1
1010 28 1
1021 34 1
1023 34 1
1025 32 1
1027 48 1
1027 107 1
1027 115 1
1027 135 1
1029 152 1
1032 67 1
1032 169 1
1033 67 1
1038 67 1
1048 135 1
1052 67 1
1056 145 1
1061 2 1
1061 149 1
1064 34 1
1066 149 1
1073 107 1
1079 135 1
1084 135 1
1087 120 1
1087 135 1
1095 94 1
1106 120 1
1111 135 1
1114 21 1
1123 116 1
1124 34 1
1129 135 1
1130 135 1
1132 135 1
1134 114 1
1144 34 1
1145 116 1
1146 2 1
1150 135 1
1151 129 1
1153 140 1
1163 113 1
1165 171 1
1166 34 1
1167 169 1
1174 135 1
1176 110 1
1177 149 1
1179 120 1
1192 31 1
1197 67 1
1203 120 1
1204 149 1
1205 149 1
1207 149 1
1209 135 1
1211 140 1
1212 88 1
1213 7 1
1219 34 1
1221 145 1
1223 135 1
1225 34 1
1225 135 1
1227 96 1
1236 149 1
1237 149 1
1238 145 1
1239 149 1
1242 122 1
1243 8 1
1243 67 1
1243 160 1
1246 120 1
1248 149 1
1250 149 1
1251 108 1
1256 135 1
1259 33 1
1280 116 1
1281 157 1
1282 67 1
1289 88 1
1291 112 1
1292 34 1
1293 120 1
1294 120 1
1303 67 1
1303 149 1
1307 63 1
1313 30 1
1315 34 1
1318 168 1
1319 168 1
1321 135 1
1327 169 1
1330 135 1
1338 67 1
1341 135 1
1342 34 1
1343 64 1
1343 139 1
1345 9 1
1348 84 1
1349 108 1
1356 64 1
1357 64 1
1358 34 1
1360 34 1
1361 34 1
1363 91 1
1363 92 1
1365 88 1
1366 67 1
1367 120 1
1370 96 1
