0.000000000000000000e+00
8.854166666666667129e-02
8.854166666666667129e-02
9.201388888888889506e-02
9.895833333333332871e-02
1.024305555555555525e-01
1.041666666666666713e-01
1.059027777777777762e-01
1.059027777777777762e-01
1.076388888888888951e-01
1.093750000000000000e-01
1.128472222222222238e-01
1.145833333333333287e-01
1.163194444444444475e-01
1.163194444444444475e-01
1.180555555555555525e-01
1.215277777777777762e-01
1.232638888888888951e-01
1.232638888888888951e-01
1.232638888888888951e-01
1.232638888888888951e-01
1.250000000000000000e-01
1.267361111111111049e-01
1.267361111111111049e-01
1.267361111111111049e-01
1.267361111111111049e-01
1.284722222222222099e-01
1.284722222222222099e-01
1.319444444444444475e-01
1.319444444444444475e-01
1.336805555555555525e-01
1.336805555555555525e-01
1.371527777777777901e-01
1.388888888888888951e-01
1.388888888888888951e-01
1.406250000000000000e-01
1.406250000000000000e-01
1.406250000000000000e-01
1.406250000000000000e-01
1.406250000000000000e-01
1.423611111111111049e-01
1.423611111111111049e-01
1.440972222222222099e-01
1.440972222222222099e-01
1.493055555555555525e-01
1.493055555555555525e-01
1.493055555555555525e-01
1.562500000000000000e-01
1.562500000000000000e-01
1.579861111111111049e-01
1.579861111111111049e-01
1.614583333333333426e-01
1.614583333333333426e-01
1.649305555555555525e-01
1.666666666666666574e-01
1.666666666666666574e-01
1.701388888888888951e-01
1.736111111111111049e-01
1.788194444444444475e-01
1.788194444444444475e-01
1.805555555555555525e-01
1.805555555555555525e-01
1.857638888888888951e-01
1.857638888888888951e-01
2.013888888888888951e-01
2.065972222222222099e-01
2.065972222222222099e-01
2.083333333333333426e-01
2.083333333333333426e-01
2.100694444444444475e-01
2.100694444444444475e-01
2.170138888888888951e-01
2.170138888888888951e-01
2.204861111111111049e-01
2.204861111111111049e-01
2.361111111111111049e-01
2.361111111111111049e-01
2.465277777777777901e-01
2.465277777777777901e-01
2.517361111111111049e-01
2.517361111111111049e-01
2.569444444444444198e-01
2.569444444444444198e-01
2.604166666666666852e-01
2.604166666666666852e-01
2.621527777777777901e-01
2.621527777777777901e-01
2.638888888888888951e-01
2.638888888888888951e-01
2.795138888888888951e-01
2.795138888888888951e-01
2.812500000000000000e-01
2.812500000000000000e-01
2.899305555555555802e-01
2.899305555555555802e-01
2.916666666666666852e-01
2.916666666666666852e-01
2.951388888888888951e-01
2.951388888888888951e-01
3.003472222222222099e-01
3.003472222222222099e-01
3.020833333333333148e-01
3.020833333333333148e-01
3.038194444444444198e-01
3.038194444444444198e-01
3.385416666666666852e-01
3.385416666666666852e-01
4.097222222222222099e-01
4.097222222222222099e-01
4.149305555555555802e-01
4.184027777777777901e-01
9.600694444444444198e-01
9.635416666666666297e-01
1.000000000000000000e+00
