0.000000000000000000e+00
9.809027777777777624e-02
1.059027777777777762e-01
1.145833333333333287e-01
1.171875000000000000e-01
1.206597222222222238e-01
1.223958333333333287e-01
1.250000000000000000e-01
1.258680555555555525e-01
1.293402777777777901e-01
1.336805555555555525e-01
1.345486111111111049e-01
1.371527777777777901e-01
1.380208333333333426e-01
1.388888888888888951e-01
1.406250000000000000e-01
1.414930555555555525e-01
1.449652777777777901e-01
1.475694444444444475e-01
1.475694444444444475e-01
1.475694444444444475e-01
1.484375000000000000e-01
1.501736111111111049e-01
1.501736111111111049e-01
1.519097222222222099e-01
1.536458333333333426e-01
1.545138888888888951e-01
1.545138888888888951e-01
1.553819444444444475e-01
1.553819444444444475e-01
1.562500000000000000e-01
1.562500000000000000e-01
1.579861111111111049e-01
1.579861111111111049e-01
1.597222222222222099e-01
1.614583333333333426e-01
1.614583333333333426e-01
1.623263888888888951e-01
1.623263888888888951e-01
1.640625000000000000e-01
1.640625000000000000e-01
1.649305555555555525e-01
1.649305555555555525e-01
1.666666666666666574e-01
1.666666666666666574e-01
1.675347222222222099e-01
1.675347222222222099e-01
1.692708333333333426e-01
1.701388888888888951e-01
1.701388888888888951e-01
1.701388888888888951e-01
1.710069444444444475e-01
1.710069444444444475e-01
1.710069444444444475e-01
1.710069444444444475e-01
1.710069444444444475e-01
1.727430555555555525e-01
1.727430555555555525e-01
1.736111111111111049e-01
1.736111111111111049e-01
1.744791666666666574e-01
1.744791666666666574e-01
1.762152777777777901e-01
1.762152777777777901e-01
1.770833333333333426e-01
1.770833333333333426e-01
1.788194444444444475e-01
1.796875000000000000e-01
1.814236111111111049e-01
1.840277777777777901e-01
1.840277777777777901e-01
1.848958333333333426e-01
1.848958333333333426e-01
1.857638888888888951e-01
1.857638888888888951e-01
1.866319444444444475e-01
1.866319444444444475e-01
1.875000000000000000e-01
1.875000000000000000e-01
1.883680555555555525e-01
1.883680555555555525e-01
1.892361111111111049e-01
1.892361111111111049e-01
1.909722222222222099e-01
1.927083333333333426e-01
1.927083333333333426e-01
1.935763888888888951e-01
1.935763888888888951e-01
1.953125000000000000e-01
1.953125000000000000e-01
1.970486111111111049e-01
1.996527777777777901e-01
1.996527777777777901e-01
2.013888888888888951e-01
2.013888888888888951e-01
2.031250000000000000e-01
2.031250000000000000e-01
2.092013888888888951e-01
2.092013888888888951e-01
2.135416666666666574e-01
2.135416666666666574e-01
2.187500000000000000e-01
2.187500000000000000e-01
2.196180555555555525e-01
2.196180555555555525e-01
2.230902777777777901e-01
2.256944444444444475e-01
2.256944444444444475e-01
2.265625000000000000e-01
2.265625000000000000e-01
2.274305555555555525e-01
2.274305555555555525e-01
2.282986111111111049e-01
2.282986111111111049e-01
2.291666666666666574e-01
2.291666666666666574e-01
2.300347222222222099e-01
2.300347222222222099e-01
2.317708333333333426e-01
2.317708333333333426e-01
2.335069444444444475e-01
2.335069444444444475e-01
2.352430555555555525e-01
2.361111111111111049e-01
2.361111111111111049e-01
2.378472222222222099e-01
2.378472222222222099e-01
2.395833333333333426e-01
2.395833333333333426e-01
2.473958333333333426e-01
2.473958333333333426e-01
2.473958333333333426e-01
2.491319444444444475e-01
2.508680555555555802e-01
2.526041666666666852e-01
2.526041666666666852e-01
2.621527777777777901e-01
2.621527777777777901e-01
2.638888888888888951e-01
2.638888888888888951e-01
2.647569444444444198e-01
2.656250000000000000e-01
2.690972222222222099e-01
2.690972222222222099e-01
2.708333333333333148e-01
2.708333333333333148e-01
2.717013888888888951e-01
2.717013888888888951e-01
2.743055555555555802e-01
2.760416666666666852e-01
2.777777777777777901e-01
2.777777777777777901e-01
2.847222222222222099e-01
2.847222222222222099e-01
2.864583333333333148e-01
2.864583333333333148e-01
2.881944444444444198e-01
2.942708333333333148e-01
2.942708333333333148e-01
2.968750000000000000e-01
2.968750000000000000e-01
3.064236111111111049e-01
3.064236111111111049e-01
3.098958333333333148e-01
3.098958333333333148e-01
3.116319444444444198e-01
3.116319444444444198e-01
3.142361111111111049e-01
3.142361111111111049e-01
3.151041666666666852e-01
3.151041666666666852e-01
3.168402777777777901e-01
3.168402777777777901e-01
3.194444444444444198e-01
3.194444444444444198e-01
3.472222222222222099e-01
3.472222222222222099e-01
3.480902777777777901e-01
3.480902777777777901e-01
3.932291666666666852e-01
3.932291666666666852e-01
3.993055555555555802e-01
3.993055555555555802e-01
4.071180555555555802e-01
4.071180555555555802e-01
4.131944444444444198e-01
4.131944444444444198e-01
4.166666666666666852e-01
4.184027777777777901e-01
4.453125000000000000e-01
4.453125000000000000e-01
6.206597222222222099e-01
6.223958333333333703e-01
7.369791666666666297e-01
7.387152777777777901e-01
7.630208333333333703e-01
7.647569444444444198e-01
8.255208333333333703e-01
8.272569444444444198e-01
8.420138888888888395e-01
8.437500000000000000e-01
9.288194444444444198e-01
9.314236111111111605e-01
9.435763888888888395e-01
9.453125000000000000e-01
1.000000000000000000e+00
