0.000000000000000000e+00
9.606481481481481122e-02
1.012731481481481538e-01
1.053240740740740700e-01
1.087962962962962937e-01
1.116898148148148112e-01
1.140046296296296363e-01
1.151620370370370350e-01
1.168981481481481538e-01
1.174768518518518462e-01
1.197916666666666713e-01
1.232638888888888951e-01
1.238425925925925875e-01
1.255787037037036924e-01
1.261574074074074125e-01
1.273148148148148251e-01
1.296296296296296224e-01
1.302083333333333426e-01
1.313657407407407274e-01
1.325231481481481399e-01
1.325231481481481399e-01
1.336805555555555525e-01
1.342592592592592726e-01
1.354166666666666574e-01
1.354166666666666574e-01
1.359953703703703776e-01
1.359953703703703776e-01
1.365740740740740700e-01
1.371527777777777901e-01
1.377314814814814825e-01
1.383101851851851749e-01
1.388888888888888951e-01
1.388888888888888951e-01
1.388888888888888951e-01
1.394675925925925875e-01
1.400462962962963076e-01
1.406250000000000000e-01
1.417824074074074125e-01
1.423611111111111049e-01
1.435185185185185175e-01
1.435185185185185175e-01
1.446759259259259300e-01
1.452546296296296224e-01
1.452546296296296224e-01
1.452546296296296224e-01
1.458333333333333426e-01
1.458333333333333426e-01
1.469907407407407274e-01
1.469907407407407274e-01
1.475694444444444475e-01
1.487268518518518601e-01
1.498842592592592726e-01
1.498842592592592726e-01
1.498842592592592726e-01
1.498842592592592726e-01
1.504629629629629650e-01
1.504629629629629650e-01
1.510416666666666574e-01
1.510416666666666574e-01
1.521990740740740700e-01
1.521990740740740700e-01
1.527777777777777901e-01
1.527777777777777901e-01
1.539351851851851749e-01
1.539351851851851749e-01
1.545138888888888951e-01
1.545138888888888951e-01
1.556712962962963076e-01
1.556712962962963076e-01
1.562500000000000000e-01
1.562500000000000000e-01
1.562500000000000000e-01
1.574074074074074125e-01
1.585648148148148251e-01
1.591435185185185175e-01
1.591435185185185175e-01
1.597222222222222099e-01
1.597222222222222099e-01
1.603009259259259300e-01
1.603009259259259300e-01
1.603009259259259300e-01
1.603009259259259300e-01
1.614583333333333426e-01
1.614583333333333426e-01
1.620370370370370350e-01
1.631944444444444475e-01
1.631944444444444475e-01
1.643518518518518601e-01
1.655092592592592726e-01
1.655092592592592726e-01
1.666666666666666574e-01
1.666666666666666574e-01
1.678240740740740700e-01
1.689814814814814825e-01
1.689814814814814825e-01
1.695601851851851749e-01
1.695601851851851749e-01
1.707175925925925875e-01
1.724537037037036924e-01
1.724537037037036924e-01
1.736111111111111049e-01
1.765046296296296224e-01
1.765046296296296224e-01
1.770833333333333426e-01
1.770833333333333426e-01
1.776620370370370350e-01
1.776620370370370350e-01
1.782407407407407274e-01
1.782407407407407274e-01
1.788194444444444475e-01
1.788194444444444475e-01
1.793981481481481399e-01
1.805555555555555525e-01
1.805555555555555525e-01
1.811342592592592726e-01
1.817129629629629650e-01
1.828703703703703776e-01
1.828703703703703776e-01
1.840277777777777901e-01
1.840277777777777901e-01
1.846064814814814825e-01
1.846064814814814825e-01
1.857638888888888951e-01
1.857638888888888951e-01
1.857638888888888951e-01
1.869212962962963076e-01
1.880787037037036924e-01
1.880787037037036924e-01
1.892361111111111049e-01
1.903935185185185175e-01
1.915509259259259300e-01
1.915509259259259300e-01
1.927083333333333426e-01
1.927083333333333426e-01
1.932870370370370350e-01
1.932870370370370350e-01
1.938657407407407274e-01
1.938657407407407274e-01
1.950231481481481399e-01
1.950231481481481399e-01
1.984953703703703776e-01
1.996527777777777901e-01
2.008101851851851749e-01
2.008101851851851749e-01
2.054398148148148251e-01
2.054398148148148251e-01
2.065972222222222099e-01
2.065972222222222099e-01
2.106481481481481399e-01
2.106481481481481399e-01
2.112268518518518601e-01
2.112268518518518601e-01
2.129629629629629650e-01
2.129629629629629650e-01
2.146990740740740700e-01
2.146990740740740700e-01
2.164351851851851749e-01
2.164351851851851749e-01
2.170138888888888951e-01
2.170138888888888951e-01
2.199074074074074125e-01
2.199074074074074125e-01
2.204861111111111049e-01
2.204861111111111049e-01
2.210648148148148251e-01
2.210648148148148251e-01
2.216435185185185175e-01
2.216435185185185175e-01
2.228009259259259300e-01
2.228009259259259300e-01
2.239583333333333426e-01
2.239583333333333426e-01
2.245370370370370350e-01
2.256944444444444475e-01
2.256944444444444475e-01
2.262731481481481399e-01
2.262731481481481399e-01
2.297453703703703776e-01
2.297453703703703776e-01
2.309027777777777901e-01
2.309027777777777901e-01
2.314814814814814825e-01
2.314814814814814825e-01
2.349537037037036924e-01
2.349537037037036924e-01
2.384259259259259300e-01
2.390046296296296224e-01
2.395833333333333426e-01
2.395833333333333426e-01
2.395833333333333426e-01
2.413194444444444475e-01
2.424768518518518601e-01
2.436342592592592726e-01
2.436342592592592726e-01
2.471064814814814825e-01
2.471064814814814825e-01
2.476851851851851749e-01
2.476851851851851749e-01
2.488425925925925875e-01
2.488425925925925875e-01
2.494212962962963076e-01
2.494212962962963076e-01
2.511574074074073848e-01
2.511574074074073848e-01
2.534722222222222099e-01
2.534722222222222099e-01
2.546296296296296502e-01
2.546296296296296502e-01
2.552083333333333148e-01
2.563657407407407551e-01
2.563657407407407551e-01
2.569444444444444198e-01
2.575231481481481399e-01
2.609953703703703498e-01
2.609953703703703498e-01
2.633101851851851749e-01
2.633101851851851749e-01
2.644675925925926152e-01
2.644675925925926152e-01
2.673611111111111049e-01
2.685185185185185452e-01
2.696759259259259300e-01
2.696759259259259300e-01
2.725694444444444198e-01
2.737268518518518601e-01
2.737268518518518601e-01
2.748842592592592449e-01
2.760416666666666852e-01
2.783564814814814548e-01
2.783564814814814548e-01
2.789351851851851749e-01
2.789351851851851749e-01
2.812500000000000000e-01
2.812500000000000000e-01
2.824074074074073848e-01
2.853009259259259300e-01
2.853009259259259300e-01
2.870370370370370350e-01
2.881944444444444198e-01
2.887731481481481399e-01
2.887731481481481399e-01
2.905092592592592449e-01
2.905092592592592449e-01
2.910879629629629650e-01
2.910879629629629650e-01
2.916666666666666852e-01
2.916666666666666852e-01
2.974537037037037202e-01
2.974537037037037202e-01
3.043981481481481399e-01
3.043981481481481399e-01
3.072916666666666852e-01
3.072916666666666852e-01
3.084490740740740700e-01
3.084490740740740700e-01
3.130787037037037202e-01
3.130787037037037202e-01
3.148148148148148251e-01
3.148148148148148251e-01
3.159722222222222099e-01
3.159722222222222099e-01
3.182870370370370350e-01
3.182870370370370350e-01
3.229166666666666852e-01
3.229166666666666852e-01
3.298611111111111049e-01
3.298611111111111049e-01
3.408564814814814548e-01
3.408564814814814548e-01
3.414351851851851749e-01
3.414351851851851749e-01
3.709490740740740700e-01
3.709490740740740700e-01
3.831018518518518601e-01
3.831018518518518601e-01
3.854166666666666852e-01
3.854166666666666852e-01
3.906250000000000000e-01
3.906250000000000000e-01
3.981481481481481399e-01
3.981481481481481399e-01
3.987268518518518601e-01
3.987268518518518601e-01
4.056712962962962798e-01
4.056712962962962798e-01
4.079861111111111049e-01
4.091435185185185452e-01
4.392361111111111049e-01
4.392361111111111049e-01
5.960648148148147696e-01
5.972222222222222099e-01
6.313657407407406996e-01
6.325231481481481399e-01
7.488425925925925597e-01
7.500000000000000000e-01
7.714120370370370905e-01
7.725694444444444198e-01
8.287037037037037202e-01
8.298611111111111605e-01
8.449074074074074403e-01
8.460648148148147696e-01
9.444444444444444198e-01
9.461805555555555802e-01
9.560185185185184897e-01
9.571759259259259300e-01
9.577546296296296502e-01
9.589120370370370905e-01
1.000000000000000000e+00
