0.000000000000000000e+00
9.201388888888889506e-02
9.895833333333332871e-02
1.041666666666666713e-01
1.072048611111111049e-01
1.106770833333333287e-01
1.132812500000000000e-01
1.163194444444444475e-01
1.189236111111111049e-01
1.202256944444444475e-01
1.223958333333333287e-01
1.250000000000000000e-01
1.254340277777777901e-01
1.267361111111111049e-01
1.284722222222222099e-01
1.297743055555555525e-01
1.323784722222222099e-01
1.328125000000000000e-01
1.349826388888888951e-01
1.358506944444444475e-01
1.358506944444444475e-01
1.367187500000000000e-01
1.371527777777777901e-01
1.375868055555555525e-01
1.388888888888888951e-01
1.393229166666666574e-01
1.406250000000000000e-01
1.410590277777777901e-01
1.410590277777777901e-01
1.410590277777777901e-01
1.414930555555555525e-01
1.419270833333333426e-01
1.423611111111111049e-01
1.423611111111111049e-01
1.427951388888888951e-01
1.432291666666666574e-01
1.436631944444444475e-01
1.436631944444444475e-01
1.445312500000000000e-01
1.449652777777777901e-01
1.453993055555555525e-01
1.458333333333333426e-01
1.475694444444444475e-01
1.480034722222222099e-01
1.488715277777777901e-01
1.501736111111111049e-01
1.501736111111111049e-01
1.510416666666666574e-01
1.514756944444444475e-01
1.514756944444444475e-01
1.514756944444444475e-01
1.523437500000000000e-01
1.523437500000000000e-01
1.523437500000000000e-01
1.532118055555555525e-01
1.532118055555555525e-01
1.536458333333333426e-01
1.545138888888888951e-01
1.558159722222222099e-01
1.558159722222222099e-01
1.566840277777777901e-01
1.571180555555555525e-01
1.571180555555555525e-01
1.571180555555555525e-01
1.575520833333333426e-01
1.575520833333333426e-01
1.579861111111111049e-01
1.579861111111111049e-01
1.588541666666666574e-01
1.588541666666666574e-01
1.592881944444444475e-01
1.601562500000000000e-01
1.605902777777777901e-01
1.605902777777777901e-01
1.614583333333333426e-01
1.614583333333333426e-01
1.618923611111111049e-01
1.623263888888888951e-01
1.623263888888888951e-01
1.627604166666666574e-01
1.627604166666666574e-01
1.636284722222222099e-01
1.636284722222222099e-01
1.644965277777777901e-01
1.649305555555555525e-01
1.649305555555555525e-01
1.657986111111111049e-01
1.666666666666666574e-01
1.671006944444444475e-01
1.671006944444444475e-01
1.679687500000000000e-01
1.679687500000000000e-01
1.688368055555555525e-01
1.688368055555555525e-01
1.688368055555555525e-01
1.697048611111111049e-01
1.697048611111111049e-01
1.697048611111111049e-01
1.701388888888888951e-01
1.701388888888888951e-01
1.701388888888888951e-01
1.710069444444444475e-01
1.718750000000000000e-01
1.718750000000000000e-01
1.723090277777777901e-01
1.723090277777777901e-01
1.727430555555555525e-01
1.740451388888888951e-01
1.740451388888888951e-01
1.744791666666666574e-01
1.753472222222222099e-01
1.766493055555555525e-01
1.766493055555555525e-01
1.779513888888888951e-01
1.779513888888888951e-01
1.783854166666666574e-01
1.783854166666666574e-01
1.792534722222222099e-01
1.801215277777777901e-01
1.801215277777777901e-01
1.805555555555555525e-01
1.805555555555555525e-01
1.814236111111111049e-01
1.827256944444444475e-01
1.835937500000000000e-01
1.840277777777777901e-01
1.840277777777777901e-01
1.848958333333333426e-01
1.875000000000000000e-01
1.875000000000000000e-01
1.883680555555555525e-01
1.883680555555555525e-01
1.888020833333333426e-01
1.892361111111111049e-01
1.896701388888888951e-01
1.896701388888888951e-01
1.905381944444444475e-01
1.905381944444444475e-01
1.914062500000000000e-01
1.914062500000000000e-01
1.918402777777777901e-01
1.918402777777777901e-01
1.922743055555555525e-01
1.931423611111111049e-01
1.931423611111111049e-01
1.935763888888888951e-01
1.940104166666666574e-01
1.948784722222222099e-01
1.948784722222222099e-01
1.957465277777777901e-01
1.961805555555555525e-01
1.961805555555555525e-01
1.970486111111111049e-01
1.970486111111111049e-01
1.974826388888888951e-01
1.974826388888888951e-01
1.983506944444444475e-01
1.983506944444444475e-01
1.983506944444444475e-01
1.987847222222222099e-01
1.996527777777777901e-01
2.005208333333333426e-01
2.022569444444444475e-01
2.031250000000000000e-01
2.031250000000000000e-01
2.044270833333333426e-01
2.052951388888888951e-01
2.061631944444444475e-01
2.061631944444444475e-01
2.078993055555555525e-01
2.078993055555555525e-01
2.087673611111111049e-01
2.087673611111111049e-01
2.092013888888888951e-01
2.092013888888888951e-01
2.096354166666666574e-01
2.096354166666666574e-01
2.105034722222222099e-01
2.105034722222222099e-01
2.126736111111111049e-01
2.126736111111111049e-01
2.135416666666666574e-01
2.144097222222222099e-01
2.157118055555555525e-01
2.157118055555555525e-01
2.200520833333333426e-01
2.200520833333333426e-01
2.213541666666666574e-01
2.213541666666666574e-01
2.243923611111111049e-01
2.243923611111111049e-01
2.248263888888888951e-01
2.248263888888888951e-01
2.261284722222222099e-01
2.261284722222222099e-01
2.274305555555555525e-01
2.274305555555555525e-01
2.287326388888888951e-01
2.287326388888888951e-01
2.291666666666666574e-01
2.291666666666666574e-01
2.300347222222222099e-01
2.300347222222222099e-01
2.313368055555555525e-01
2.313368055555555525e-01
2.326388888888888951e-01
2.326388888888888951e-01
2.330729166666666574e-01
2.330729166666666574e-01
2.343750000000000000e-01
2.343750000000000000e-01
2.352430555555555525e-01
2.352430555555555525e-01
2.361111111111111049e-01
2.361111111111111049e-01
2.374131944444444475e-01
2.378472222222222099e-01
2.387152777777777901e-01
2.387152777777777901e-01
2.404513888888888951e-01
2.404513888888888951e-01
2.408854166666666574e-01
2.408854166666666574e-01
2.434895833333333426e-01
2.434895833333333426e-01
2.443576388888888951e-01
2.443576388888888951e-01
2.452256944444444475e-01
2.452256944444444475e-01
2.465277777777777901e-01
2.465277777777777901e-01
2.473958333333333426e-01
2.478298611111111049e-01
2.495659722222222099e-01
2.495659722222222099e-01
2.504340277777777901e-01
2.504340277777777901e-01
2.552083333333333148e-01
2.552083333333333148e-01
2.556423611111111049e-01
2.556423611111111049e-01
2.560763888888888951e-01
2.560763888888888951e-01
2.560763888888888951e-01
2.582465277777777901e-01
2.591145833333333148e-01
2.599826388888888951e-01
2.599826388888888951e-01
2.638888888888888951e-01
2.638888888888888951e-01
2.647569444444444198e-01
2.647569444444444198e-01
2.651909722222222099e-01
2.651909722222222099e-01
2.660590277777777901e-01
2.660590277777777901e-01
2.669270833333333148e-01
2.669270833333333148e-01
2.690972222222222099e-01
2.690972222222222099e-01
2.725694444444444198e-01
2.725694444444444198e-01
2.743055555555555802e-01
2.743055555555555802e-01
2.751736111111111049e-01
2.760416666666666852e-01
2.769097222222222099e-01
2.769097222222222099e-01
2.773437500000000000e-01
2.777777777777777901e-01
2.812500000000000000e-01
2.812500000000000000e-01
2.834201388888888951e-01
2.834201388888888951e-01
2.847222222222222099e-01
2.847222222222222099e-01
2.873263888888888951e-01
2.881944444444444198e-01
2.903645833333333148e-01
2.903645833333333148e-01
2.934027777777777901e-01
2.942708333333333148e-01
2.942708333333333148e-01
2.964409722222222099e-01
2.973090277777777901e-01
2.999131944444444198e-01
2.999131944444444198e-01
3.007812500000000000e-01
3.007812500000000000e-01
3.033854166666666852e-01
3.033854166666666852e-01
3.038194444444444198e-01
3.046875000000000000e-01
3.068576388888888951e-01
3.068576388888888951e-01
3.094618055555555802e-01
3.103298611111111049e-01
3.111979166666666852e-01
3.111979166666666852e-01
3.133680555555555802e-01
3.133680555555555802e-01
3.138020833333333148e-01
3.138020833333333148e-01
3.146701388888888951e-01
3.146701388888888951e-01
3.151041666666666852e-01
3.151041666666666852e-01
3.198784722222222099e-01
3.207465277777777901e-01
3.224826388888888951e-01
3.224826388888888951e-01
3.272569444444444198e-01
3.281250000000000000e-01
3.328993055555555802e-01
3.328993055555555802e-01
3.363715277777777901e-01
3.363715277777777901e-01
3.372395833333333148e-01
3.376736111111111049e-01
3.385416666666666852e-01
3.385416666666666852e-01
3.389756944444444198e-01
3.398437500000000000e-01
3.454861111111111049e-01
3.454861111111111049e-01
3.463541666666666852e-01
3.463541666666666852e-01
3.506944444444444198e-01
3.506944444444444198e-01
3.511284722222222099e-01
3.519965277777777901e-01
3.519965277777777901e-01
3.572048611111111049e-01
3.572048611111111049e-01
3.641493055555555802e-01
3.641493055555555802e-01
3.758680555555555802e-01
3.758680555555555802e-01
3.901909722222222099e-01
3.901909722222222099e-01
3.923611111111111049e-01
3.923611111111111049e-01
4.118923611111111049e-01
4.127604166666666852e-01
4.270833333333333148e-01
4.270833333333333148e-01
4.418402777777777901e-01
4.427083333333333148e-01
4.470486111111111049e-01
4.470486111111111049e-01
4.513888888888888951e-01
4.513888888888888951e-01
4.522569444444444198e-01
4.531250000000000000e-01
4.635416666666666852e-01
4.635416666666666852e-01
4.752604166666666852e-01
4.752604166666666852e-01
4.765625000000000000e-01
4.765625000000000000e-01
4.895833333333333148e-01
4.895833333333333148e-01
4.965277777777777901e-01
4.973958333333333148e-01
4.991319444444444198e-01
5.000000000000000000e-01
5.013020833333333703e-01
5.021701388888888395e-01
5.347222222222222099e-01
5.355902777777777901e-01
5.451388888888888395e-01
5.451388888888888395e-01
5.698784722222222099e-01
5.707465277777777901e-01
5.802951388888888395e-01
5.811631944444444198e-01
5.898437500000000000e-01
5.907118055555555802e-01
6.970486111111111605e-01
6.979166666666666297e-01
7.235243055555555802e-01
7.243923611111111605e-01
8.116319444444444198e-01
8.125000000000000000e-01
8.285590277777777901e-01
8.294270833333333703e-01
8.715277777777777901e-01
8.723958333333333703e-01
8.836805555555555802e-01
8.845486111111111605e-01
9.583333333333333703e-01
9.596354166666666297e-01
9.670138888888888395e-01
9.678819444444444198e-01
9.683159722222222099e-01
9.691840277777777901e-01
1.000000000000000000e+00
