0.000000000000000000e+00
8.737864077669903196e-02
9.570041608876560246e-02
1.005547850208044353e-01
1.029819694868238517e-01
1.061026352288488156e-01
1.085298196948682320e-01
1.113037447988904360e-01
1.133841886269070787e-01
1.147711511789181738e-01
1.168515950069348164e-01
1.189320388349514590e-01
1.192787794729542328e-01
1.203190013869625541e-01
1.217059639389736492e-01
1.234396671289875180e-01
1.255201109570041607e-01
1.258668515950069344e-01
1.276005547850208033e-01
1.286407766990291246e-01
1.286407766990291246e-01
1.307212205270457672e-01
1.310679611650485410e-01
1.314147018030513148e-01
1.324549237170596361e-01
1.328016643550624099e-01
1.338418862690707312e-01
1.341886269070735049e-01
1.341886269070735049e-01
1.345353675450762787e-01
1.352288488210818262e-01
1.355755894590846000e-01
1.359223300970873738e-01
1.359223300970873738e-01
1.362690707350901476e-01
1.369625520110956951e-01
1.373092926490984689e-01
1.386962552011095640e-01
1.397364771151178853e-01
1.397364771151178853e-01
1.404299583911234328e-01
1.407766990291262066e-01
1.411234396671289804e-01
1.428571428571428492e-01
1.428571428571428492e-01
1.432038834951456230e-01
1.442441054091539443e-01
1.449375866851594918e-01
1.459778085991678132e-01
1.459778085991678132e-01
1.459778085991678132e-01
1.466712898751733607e-01
1.473647711511789082e-01
1.473647711511789082e-01
1.473647711511789082e-01
1.477115117891816820e-01
1.484049930651872296e-01
1.484049930651872296e-01
1.484049930651872296e-01
1.484049930651872296e-01
1.490984743411927771e-01
1.494452149791955509e-01
1.494452149791955509e-01
1.501386962552010984e-01
1.508321775312066459e-01
1.515256588072121935e-01
1.518723994452149673e-01
1.525658807212205148e-01
1.525658807212205148e-01
1.532593619972260623e-01
1.532593619972260623e-01
1.536061026352288361e-01
1.536061026352288361e-01
1.539528432732316099e-01
1.542995839112343837e-01
1.542995839112343837e-01
1.546463245492371574e-01
1.546463245492371574e-01
1.553398058252427050e-01
1.553398058252427050e-01
1.553398058252427050e-01
1.556865464632454787e-01
1.567267683772538278e-01
1.570735090152566016e-01
1.570735090152566016e-01
1.577669902912621491e-01
1.577669902912621491e-01
1.581137309292649229e-01
1.584604715672676967e-01
1.584604715672676967e-01
1.588072122052704704e-01
1.588072122052704704e-01
1.595006934812760180e-01
1.595006934812760180e-01
1.601941747572815655e-01
1.601941747572815655e-01
1.608876560332871131e-01
1.615811373092926606e-01
1.619278779472954344e-01
1.619278779472954344e-01
1.626213592233009819e-01
1.633148404993065295e-01
1.636615811373093032e-01
1.636615811373093032e-01
1.643550624133148508e-01
1.643550624133148508e-01
1.650485436893203983e-01
1.657420249653259459e-01
1.657420249653259459e-01
1.657420249653259459e-01
1.660887656033287196e-01
1.664355062413314934e-01
1.667822468793342672e-01
1.671289875173370409e-01
1.671289875173370409e-01
1.678224687933425885e-01
1.681692094313453623e-01
1.681692094313453623e-01
1.681692094313453623e-01
1.685159500693481360e-01
1.685159500693481360e-01
1.685159500693481360e-01
1.692094313453536836e-01
1.699029126213592311e-01
1.699029126213592311e-01
1.702496532593620049e-01
1.702496532593620049e-01
1.705963938973647787e-01
1.712898751733703262e-01
1.712898751733703262e-01
1.716366158113731000e-01
1.716366158113731000e-01
1.719833564493758737e-01
1.726768377253814213e-01
1.737170596393897426e-01
1.737170596393897426e-01
1.744105409153952901e-01
1.751040221914008377e-01
1.751040221914008377e-01
1.754507628294036115e-01
1.754507628294036115e-01
1.757975034674063852e-01
1.764909847434119328e-01
1.782246879334258016e-01
1.782246879334258016e-01
1.785714285714285754e-01
1.785714285714285754e-01
1.792649098474341229e-01
1.799583911234396705e-01
1.809986130374479918e-01
1.816920943134535393e-01
1.823855755894590869e-01
1.830790568654646344e-01
1.830790568654646344e-01
1.837725381414701820e-01
1.848127600554785033e-01
1.851595006934812770e-01
1.861997226074895984e-01
1.872399445214979197e-01
1.879334257975034672e-01
1.882801664355062410e-01
1.882801664355062410e-01
1.889736477115117885e-01
1.889736477115117885e-01
1.893203883495145623e-01
1.896671289875173361e-01
1.900138696255201098e-01
1.900138696255201098e-01
1.917475728155339787e-01
1.917475728155339787e-01
1.920943134535367525e-01
1.920943134535367525e-01
1.927877947295423000e-01
1.927877947295423000e-01
1.927877947295423000e-01
1.927877947295423000e-01
1.934812760055478476e-01
1.934812760055478476e-01
1.938280166435506213e-01
1.945214979195561689e-01
1.945214979195561689e-01
1.948682385575589426e-01
1.952149791955617164e-01
1.959084604715672639e-01
1.959084604715672639e-01
1.966019417475728115e-01
1.969486823855755853e-01
1.969486823855755853e-01
1.976421636615811328e-01
1.976421636615811328e-01
1.983356449375866803e-01
1.983356449375866803e-01
1.997226074895977754e-01
1.997226074895977754e-01
1.997226074895977754e-01
2.000693481276005492e-01
2.007628294036060967e-01
2.018030513176144181e-01
2.031900138696255131e-01
2.031900138696255131e-01
2.038834951456310607e-01
2.038834951456310607e-01
2.045769764216366082e-01
2.045769764216366082e-01
2.056171983356449295e-01
2.063106796116504771e-01
2.070041608876560246e-01
2.070041608876560246e-01
2.073509015256587984e-01
2.073509015256587984e-01
2.087378640776698935e-01
2.087378640776698935e-01
2.097780859916782148e-01
2.097780859916782148e-01
2.101248266296809886e-01
2.101248266296809886e-01
2.104715672676837623e-01
2.104715672676837623e-01
2.111650485436893099e-01
2.111650485436893099e-01
2.132454923717059525e-01
2.132454923717059525e-01
2.142857142857142738e-01
2.149791955617198214e-01
2.160194174757281427e-01
2.160194174757281427e-01
2.205270457697642295e-01
2.208737864077670032e-01
2.212205270457697770e-01
2.212205270457697770e-01
2.212205270457697770e-01
2.229542302357836459e-01
2.229542302357836459e-01
2.253814147018030623e-01
2.253814147018030623e-01
2.257281553398058360e-01
2.257281553398058360e-01
2.271151178918169311e-01
2.271151178918169311e-01
2.285020804438280262e-01
2.285020804438280262e-01
2.291955617198335737e-01
2.302357836338418950e-01
2.302357836338418950e-01
2.309292649098474426e-01
2.309292649098474426e-01
2.312760055478502164e-01
2.312760055478502164e-01
2.316227461858529901e-01
2.316227461858529901e-01
2.333564493758668590e-01
2.333564493758668590e-01
2.333564493758668590e-01
2.343966712898751803e-01
2.343966712898751803e-01
2.347434119278779541e-01
2.347434119278779541e-01
2.354368932038835016e-01
2.361303744798890492e-01
2.368238557558945967e-01
2.368238557558945967e-01
2.371705963938973705e-01
2.378640776699029180e-01
2.378640776699029180e-01
2.385575589459084656e-01
2.385575589459084656e-01
2.395977808599167869e-01
2.399445214979195606e-01
2.406380027739251082e-01
2.406380027739251082e-01
2.427184466019417508e-01
2.427184466019417508e-01
2.434119278779472983e-01
2.434119278779472983e-01
2.437586685159500721e-01
2.437586685159500721e-01
2.458391123439667147e-01
2.458391123439667147e-01
2.475728155339805836e-01
2.475728155339805836e-01
2.482662968099861311e-01
2.482662968099861311e-01
2.493065187239944525e-01
2.493065187239944525e-01
2.503467406380027738e-01
2.503467406380027738e-01
2.510402219140083213e-01
2.513869625520110951e-01
2.524271844660194164e-01
2.534674063800277377e-01
2.541608876560332853e-01
2.541608876560332853e-01
2.548543689320388328e-01
2.548543689320388328e-01
2.590152565880721180e-01
2.590152565880721180e-01
2.593619972260748918e-01
2.597087378640776656e-01
2.600554785020804394e-01
2.600554785020804394e-01
2.607489597780859869e-01
2.607489597780859869e-01
2.607489597780859869e-01
2.638696255201109508e-01
2.645631067961164984e-01
2.649098474341192722e-01
2.649098474341192722e-01
2.652565880721220459e-01
2.652565880721220459e-01
2.683772538141470099e-01
2.683772538141470099e-01
2.690707350901525574e-01
2.690707350901525574e-01
2.697642163661581050e-01
2.697642163661581050e-01
2.701109570041608787e-01
2.701109570041608787e-01
2.708044382801664263e-01
2.708044382801664263e-01
2.718446601941747476e-01
2.718446601941747476e-01
2.742718446601941640e-01
2.742718446601941640e-01
2.780859916782246755e-01
2.780859916782246755e-01
2.791262135922329968e-01
2.791262135922329968e-01
2.801664355062413181e-01
2.801664355062413181e-01
2.808599167822468656e-01
2.815533980582524132e-01
2.822468793342579607e-01
2.822468793342579607e-01
2.825936199722607345e-01
2.829403606102635083e-01
2.857142857142856984e-01
2.857142857142856984e-01
2.877947295423023411e-01
2.877947295423023411e-01
2.881414701803051148e-01
2.881414701803051148e-01
2.888349514563106624e-01
2.888349514563106624e-01
2.916088765603328525e-01
2.923023578363384001e-01
2.943828016643550427e-01
2.943828016643550427e-01
2.968099861303744591e-01
2.975034674063800066e-01
2.975034674063800066e-01
2.999306518723994230e-01
3.006241331484049706e-01
3.009708737864077444e-01
3.009708737864077444e-01
3.040915395284327083e-01
3.040915395284327083e-01
3.047850208044382558e-01
3.047850208044382558e-01
3.075589459084604460e-01
3.075589459084604460e-01
3.079056865464632198e-01
3.085991678224687673e-01
3.110263522884881837e-01
3.110263522884881837e-01
3.162274618585298458e-01
3.169209431345353933e-01
3.176144244105409409e-01
3.176144244105409409e-01
3.193481276005548097e-01
3.193481276005548097e-01
3.200416088765603573e-01
3.200416088765603573e-01
3.207350901525659048e-01
3.207350901525659048e-01
3.210818307905686786e-01
3.210818307905686786e-01
3.252427184466019638e-01
3.259361997226075114e-01
3.280166435506241540e-01
3.280166435506241540e-01
3.325242718446602130e-01
3.332177531206657606e-01
3.380721220527045934e-01
3.380721220527045934e-01
3.408460471567267835e-01
3.415395284327323311e-01
3.429264909847434262e-01
3.429264909847434262e-01
3.436199722607489737e-01
3.439667128987517475e-01
3.446601941747572950e-01
3.450069348127600688e-01
3.450069348127600688e-01
3.453536754507628426e-01
3.460471567267683901e-01
3.519417475728155442e-01
3.519417475728155442e-01
3.526352288488210918e-01
3.526352288488210918e-01
3.561026352288488295e-01
3.561026352288488295e-01
3.567961165048543770e-01
3.574895977808599246e-01
3.581830790568654721e-01
3.581830790568654721e-01
3.609570041608876623e-01
3.609570041608876623e-01
3.633841886269070787e-01
3.633841886269070787e-01
3.717059639389736492e-01
3.717059639389736492e-01
3.821081830790568623e-01
3.828016643550624099e-01
3.834951456310679574e-01
3.834951456310679574e-01
3.963245492371705869e-01
3.963245492371705869e-01
3.997919556171983246e-01
3.997919556171983246e-01
4.174757281553397870e-01
4.181692094313453345e-01
4.323855755894590591e-01
4.323855755894590591e-01
4.479889042995839343e-01
4.486823855755894819e-01
4.538834951456310884e-01
4.538834951456310884e-01
4.552704576976421835e-01
4.559639389736477311e-01
4.583911234396671475e-01
4.583911234396671475e-01
4.597780859916782426e-01
4.604715672676837901e-01
4.746879334257975147e-01
4.746879334257975147e-01
4.861303744798890492e-01
4.861303744798890492e-01
4.871705963938973705e-01
4.871705963938973705e-01
5.013869625520110951e-01
5.013869625520110951e-01
5.100554785020804394e-01
5.107489597780859869e-01
5.121359223300970820e-01
5.128294036061026295e-01
5.142163661581137246e-01
5.149098474341192722e-01
5.471567267683772329e-01
5.478502080443827804e-01
5.492371705963938755e-01
5.499306518723994230e-01
5.589459084604715411e-01
5.589459084604715411e-01
5.846047156726768002e-01
5.852981969486823477e-01
5.946601941747572395e-01
5.953536754507627871e-01
6.047156726768376789e-01
6.054091539528432264e-01
6.061026352288487740e-01
6.067961165048543215e-01
6.199722607489597248e-01
6.206657420249652723e-01
6.400832177531207146e-01
6.407766990291262621e-01
6.792649098474341507e-01
6.806518723994452458e-01
6.820388349514563409e-01
6.827323162274618884e-01
6.879334257975034950e-01
6.886269070735090425e-01
6.889736477115118163e-01
6.896671289875173638e-01
7.174063800277392655e-01
7.180998613037448131e-01
7.409847434119278820e-01
7.416782246879334295e-01
7.496532593619972262e-01
7.503467406380027738e-01
7.739251040221913902e-01
7.746185852981969377e-01
7.819001386962551869e-01
7.825936199722607345e-01
8.495145631067960723e-01
8.502080443828016199e-01
8.630374479889042494e-01
8.637309292649097969e-01
8.973647711511789637e-01
8.980582524271845113e-01
9.070735090152566293e-01
9.077669902912621769e-01
9.667128987517337180e-01
9.677531206657420393e-01
9.736477115117891934e-01
9.743411927877947409e-01
9.746879334257975147e-01
9.753814147018030623e-01
1.000000000000000000e+00
