0.000000000000000000e+00
7.847222222222222099e-01
8.055555555555555802e-01
8.072916666666666297e-01
8.107638888888888395e-01
8.298611111111111605e-01
8.333333333333333703e-01
8.333333333333333703e-01
8.368055555555555802e-01
8.402777777777777901e-01
8.402777777777777901e-01
8.402777777777777901e-01
8.402777777777777901e-01
8.420138888888888395e-01
8.454861111111111605e-01
8.454861111111111605e-01
8.524305555555555802e-01
8.524305555555555802e-01
8.559027777777777901e-01
8.593750000000000000e-01
8.628472222222222099e-01
8.645833333333333703e-01
8.680555555555555802e-01
8.715277777777777901e-01
8.750000000000000000e-01
8.784722222222222099e-01
8.819444444444444198e-01
8.854166666666666297e-01
8.854166666666666297e-01
8.888888888888888395e-01
8.888888888888888395e-01
8.958333333333333703e-01
8.958333333333333703e-01
8.958333333333333703e-01
8.993055555555555802e-01
8.993055555555555802e-01
9.027777777777777901e-01
9.045138888888888395e-01
9.079861111111111605e-01
9.097222222222222099e-01
9.097222222222222099e-01
9.114583333333333703e-01
9.114583333333333703e-01
9.131944444444444198e-01
9.131944444444444198e-01
9.166666666666666297e-01
9.184027777777777901e-01
9.184027777777777901e-01
9.236111111111111605e-01
9.236111111111111605e-01
9.253472222222222099e-01
9.253472222222222099e-01
9.270833333333333703e-01
9.270833333333333703e-01
9.270833333333333703e-01
9.288194444444444198e-01
9.288194444444444198e-01
9.288194444444444198e-01
9.288194444444444198e-01
9.375000000000000000e-01
9.375000000000000000e-01
9.409722222222222099e-01
9.409722222222222099e-01
9.427083333333333703e-01
9.427083333333333703e-01
9.427083333333333703e-01
9.444444444444444198e-01
9.444444444444444198e-01
9.479166666666666297e-01
9.479166666666666297e-01
9.513888888888888395e-01
9.513888888888888395e-01
9.583333333333333703e-01
9.583333333333333703e-01
9.600694444444444198e-01
9.600694444444444198e-01
9.687500000000000000e-01
9.687500000000000000e-01
9.704861111111111605e-01
9.704861111111111605e-01
9.722222222222222099e-01
9.722222222222222099e-01
9.739583333333333703e-01
9.739583333333333703e-01
9.756944444444444198e-01
9.756944444444444198e-01
9.774305555555555802e-01
9.774305555555555802e-01
9.791666666666666297e-01
9.791666666666666297e-01
9.809027777777777901e-01
9.809027777777777901e-01
9.843750000000000000e-01
9.843750000000000000e-01
9.861111111111111605e-01
9.861111111111111605e-01
9.878472222222222099e-01
9.878472222222222099e-01
9.895833333333333703e-01
9.895833333333333703e-01
9.913194444444444198e-01
9.913194444444444198e-01
9.930555555555555802e-01
9.930555555555555802e-01
9.965277777777777901e-01
9.965277777777777901e-01
9.982638888888888395e-01
9.982638888888888395e-01
1.000000000000000000e+00
1.000000000000000000e+00
1.000000000000000000e+00
1.000000000000000000e+00
1.000000000000000000e+00
1.000000000000000000e+00
