0.000000000000000000e+00
8.133680555555555802e-01
8.333333333333333703e-01
8.437500000000000000e-01
8.585069444444444198e-01
8.602430555555555802e-01
8.602430555555555802e-01
8.619791666666666297e-01
8.645833333333333703e-01
8.654513888888888395e-01
8.654513888888888395e-01
8.671875000000000000e-01
8.689236111111111605e-01
8.697916666666666297e-01
8.715277777777777901e-01
8.715277777777777901e-01
8.715277777777777901e-01
8.750000000000000000e-01
8.750000000000000000e-01
8.767361111111111605e-01
8.784722222222222099e-01
8.784722222222222099e-01
8.819444444444444198e-01
8.828125000000000000e-01
8.845486111111111605e-01
8.845486111111111605e-01
8.854166666666666297e-01
8.862847222222222099e-01
8.888888888888888395e-01
8.906250000000000000e-01
8.914930555555555802e-01
8.940972222222222099e-01
8.958333333333333703e-01
8.984375000000000000e-01
9.001736111111111605e-01
9.001736111111111605e-01
9.019097222222222099e-01
9.019097222222222099e-01
9.053819444444444198e-01
9.053819444444444198e-01
9.062500000000000000e-01
9.062500000000000000e-01
9.079861111111111605e-01
9.079861111111111605e-01
9.088541666666666297e-01
9.088541666666666297e-01
9.123263888888888395e-01
9.131944444444444198e-01
9.131944444444444198e-01
9.149305555555555802e-01
9.157986111111111605e-01
9.157986111111111605e-01
9.192708333333333703e-01
9.201388888888888395e-01
9.218750000000000000e-01
9.227430555555555802e-01
9.227430555555555802e-01
9.236111111111111605e-01
9.236111111111111605e-01
9.244791666666666297e-01
9.244791666666666297e-01
9.253472222222222099e-01
9.253472222222222099e-01
9.270833333333333703e-01
9.270833333333333703e-01
9.288194444444444198e-01
9.296875000000000000e-01
9.296875000000000000e-01
9.296875000000000000e-01
9.296875000000000000e-01
9.322916666666666297e-01
9.331597222222222099e-01
9.340277777777777901e-01
9.340277777777777901e-01
9.348958333333333703e-01
9.348958333333333703e-01
9.357638888888888395e-01
9.357638888888888395e-01
9.366319444444444198e-01
9.366319444444444198e-01
9.375000000000000000e-01
9.375000000000000000e-01
9.383680555555555802e-01
9.383680555555555802e-01
9.383680555555555802e-01
9.392361111111111605e-01
9.392361111111111605e-01
9.401041666666666297e-01
9.401041666666666297e-01
9.418402777777777901e-01
9.418402777777777901e-01
9.418402777777777901e-01
9.453125000000000000e-01
9.453125000000000000e-01
9.479166666666666297e-01
9.479166666666666297e-01
9.496527777777777901e-01
9.496527777777777901e-01
9.505208333333333703e-01
9.505208333333333703e-01
9.513888888888888395e-01
9.513888888888888395e-01
9.522569444444444198e-01
9.522569444444444198e-01
9.539930555555555802e-01
9.539930555555555802e-01
9.539930555555555802e-01
9.548611111111111605e-01
9.548611111111111605e-01
9.557291666666666297e-01
9.557291666666666297e-01
9.574652777777777901e-01
9.574652777777777901e-01
9.583333333333333703e-01
9.583333333333333703e-01
9.592013888888888395e-01
9.592013888888888395e-01
9.600694444444444198e-01
9.600694444444444198e-01
9.609375000000000000e-01
9.609375000000000000e-01
9.626736111111111605e-01
9.626736111111111605e-01
9.626736111111111605e-01
9.644097222222222099e-01
9.644097222222222099e-01
9.652777777777777901e-01
9.652777777777777901e-01
9.670138888888888395e-01
9.670138888888888395e-01
9.687500000000000000e-01
9.696180555555555802e-01
9.696180555555555802e-01
9.696180555555555802e-01
9.696180555555555802e-01
9.739583333333333703e-01
9.739583333333333703e-01
9.756944444444444198e-01
9.756944444444444198e-01
9.765625000000000000e-01
9.765625000000000000e-01
9.774305555555555802e-01
9.774305555555555802e-01
9.782986111111111605e-01
9.782986111111111605e-01
9.791666666666666297e-01
9.791666666666666297e-01
9.800347222222222099e-01
9.800347222222222099e-01
9.800347222222222099e-01
9.800347222222222099e-01
9.809027777777777901e-01
9.809027777777777901e-01
9.826388888888888395e-01
9.826388888888888395e-01
9.835069444444444198e-01
9.835069444444444198e-01
9.835069444444444198e-01
9.843750000000000000e-01
9.843750000000000000e-01
9.869791666666666297e-01
9.869791666666666297e-01
9.878472222222222099e-01
9.878472222222222099e-01
9.887152777777777901e-01
9.887152777777777901e-01
9.895833333333333703e-01
9.895833333333333703e-01
9.904513888888888395e-01
9.904513888888888395e-01
9.913194444444444198e-01
9.913194444444444198e-01
9.930555555555555802e-01
9.930555555555555802e-01
9.939236111111111605e-01
9.939236111111111605e-01
9.947916666666666297e-01
9.947916666666666297e-01
9.956597222222222099e-01
9.956597222222222099e-01
9.965277777777777901e-01
9.965277777777777901e-01
9.973958333333333703e-01
9.973958333333333703e-01
9.982638888888888395e-01
9.982638888888888395e-01
9.991319444444444198e-01
9.991319444444444198e-01
9.991319444444444198e-01
9.991319444444444198e-01
1.000000000000000000e+00
1.000000000000000000e+00
1.000000000000000000e+00
1.000000000000000000e+00
1.000000000000000000e+00
1.000000000000000000e+00
1.000000000000000000e+00
1.000000000000000000e+00
1.000000000000000000e+00
1.000000000000000000e+00
1.000000000000000000e+00
1.000000000000000000e+00
1.000000000000000000e+00
1.000000000000000000e+00
1.000000000000000000e+00
1.000000000000000000e+00
