0.000000000000000000e+00
8.061342592592593004e-01
8.263888888888888395e-01
8.315972222222222099e-01
8.379629629629629095e-01
8.530092592592593004e-01
8.564814814814815103e-01
8.564814814814815103e-01
8.593750000000000000e-01
8.611111111111111605e-01
8.616898148148147696e-01
8.616898148148147696e-01
8.628472222222222099e-01
8.645833333333333703e-01
8.657407407407406996e-01
8.668981481481481399e-01
8.668981481481481399e-01
8.674768518518518601e-01
8.692129629629629095e-01
8.703703703703703498e-01
8.709490740740740700e-01
8.709490740740740700e-01
8.715277777777777901e-01
8.715277777777777901e-01
8.726851851851852304e-01
8.738425925925925597e-01
8.750000000000000000e-01
8.778935185185184897e-01
8.778935185185184897e-01
8.790509259259259300e-01
8.790509259259259300e-01
8.802083333333333703e-01
8.807870370370370905e-01
8.819444444444444198e-01
8.825231481481481399e-01
8.836805555555555802e-01
8.842592592592593004e-01
8.854166666666666297e-01
8.859953703703703498e-01
8.865740740740740700e-01
8.877314814814815103e-01
8.877314814814815103e-01
8.894675925925925597e-01
8.906250000000000000e-01
8.917824074074074403e-01
8.923611111111111605e-01
8.946759259259259300e-01
8.958333333333333703e-01
8.969907407407406996e-01
8.975694444444444198e-01
8.987268518518518601e-01
8.987268518518518601e-01
8.993055555555555802e-01
9.004629629629629095e-01
9.010416666666666297e-01
9.010416666666666297e-01
9.016203703703703498e-01
9.027777777777777901e-01
9.033564814814815103e-01
9.033564814814815103e-01
9.039351851851852304e-01
9.039351851851852304e-01
9.045138888888888395e-01
9.045138888888888395e-01
9.056712962962962798e-01
9.056712962962962798e-01
9.068287037037037202e-01
9.068287037037037202e-01
9.079861111111111605e-01
9.079861111111111605e-01
9.108796296296296502e-01
9.126157407407406996e-01
9.137731481481481399e-01
9.137731481481481399e-01
9.137731481481481399e-01
9.149305555555555802e-01
9.149305555555555802e-01
9.155092592592593004e-01
9.155092592592593004e-01
9.189814814814815103e-01
9.201388888888888395e-01
9.212962962962962798e-01
9.212962962962962798e-01
9.224537037037037202e-01
9.230324074074074403e-01
9.230324074074074403e-01
9.236111111111111605e-01
9.236111111111111605e-01
9.236111111111111605e-01
9.241898148148147696e-01
9.241898148148147696e-01
9.265046296296296502e-01
9.265046296296296502e-01
9.265046296296296502e-01
9.282407407407406996e-01
9.282407407407406996e-01
9.293981481481481399e-01
9.299768518518518601e-01
9.299768518518518601e-01
9.311342592592593004e-01
9.311342592592593004e-01
9.311342592592593004e-01
9.328703703703703498e-01
9.334490740740740700e-01
9.346064814814815103e-01
9.346064814814815103e-01
9.351851851851852304e-01
9.351851851851852304e-01
9.363425925925925597e-01
9.363425925925925597e-01
9.369212962962962798e-01
9.369212962962962798e-01
9.369212962962962798e-01
9.375000000000000000e-01
9.375000000000000000e-01
9.380787037037037202e-01
9.380787037037037202e-01
9.386574074074074403e-01
9.386574074074074403e-01
9.392361111111111605e-01
9.392361111111111605e-01
9.398148148148147696e-01
9.398148148148147696e-01
9.409722222222222099e-01
9.415509259259259300e-01
9.415509259259259300e-01
9.415509259259259300e-01
9.421296296296296502e-01
9.421296296296296502e-01
9.421296296296296502e-01
9.421296296296296502e-01
9.444444444444444198e-01
9.444444444444444198e-01
9.450231481481481399e-01
9.450231481481481399e-01
9.461805555555555802e-01
9.461805555555555802e-01
9.467592592592593004e-01
9.467592592592593004e-01
9.479166666666666297e-01
9.479166666666666297e-01
9.479166666666666297e-01
9.479166666666666297e-01
9.484953703703703498e-01
9.484953703703703498e-01
9.490740740740740700e-01
9.490740740740740700e-01
9.496527777777777901e-01
9.496527777777777901e-01
9.502314814814815103e-01
9.502314814814815103e-01
9.513888888888888395e-01
9.513888888888888395e-01
9.519675925925925597e-01
9.519675925925925597e-01
9.525462962962962798e-01
9.525462962962962798e-01
9.531250000000000000e-01
9.531250000000000000e-01
9.537037037037037202e-01
9.537037037037037202e-01
9.548611111111111605e-01
9.548611111111111605e-01
9.560185185185184897e-01
9.565972222222222099e-01
9.571759259259259300e-01
9.571759259259259300e-01
9.589120370370370905e-01
9.589120370370370905e-01
9.600694444444444198e-01
9.600694444444444198e-01
9.612268518518518601e-01
9.612268518518518601e-01
9.612268518518518601e-01
9.618055555555555802e-01
9.618055555555555802e-01
9.629629629629629095e-01
9.629629629629629095e-01
9.635416666666666297e-01
9.635416666666666297e-01
9.641203703703703498e-01
9.641203703703703498e-01
9.652777777777777901e-01
9.652777777777777901e-01
9.658564814814815103e-01
9.658564814814815103e-01
9.664351851851852304e-01
9.664351851851852304e-01
9.675925925925925597e-01
9.681712962962962798e-01
9.681712962962962798e-01
9.681712962962962798e-01
9.681712962962962798e-01
9.710648148148147696e-01
9.710648148148147696e-01
9.716435185185184897e-01
9.716435185185184897e-01
9.728009259259259300e-01
9.728009259259259300e-01
9.733796296296296502e-01
9.733796296296296502e-01
9.751157407407406996e-01
9.751157407407406996e-01
9.756944444444444198e-01
9.756944444444444198e-01
9.762731481481481399e-01
9.762731481481481399e-01
9.768518518518518601e-01
9.768518518518518601e-01
9.768518518518518601e-01
9.774305555555555802e-01
9.774305555555555802e-01
9.780092592592593004e-01
9.780092592592593004e-01
9.785879629629629095e-01
9.785879629629629095e-01
9.791666666666666297e-01
9.791666666666666297e-01
9.797453703703703498e-01
9.797453703703703498e-01
9.797453703703703498e-01
9.797453703703703498e-01
9.803240740740740700e-01
9.803240740740740700e-01
9.803240740740740700e-01
9.809027777777777901e-01
9.809027777777777901e-01
9.809027777777777901e-01
9.809027777777777901e-01
9.820601851851852304e-01
9.820601851851852304e-01
9.826388888888888395e-01
9.826388888888888395e-01
9.832175925925925597e-01
9.832175925925925597e-01
9.832175925925925597e-01
9.837962962962962798e-01
9.837962962962962798e-01
9.837962962962962798e-01
9.837962962962962798e-01
9.843750000000000000e-01
9.843750000000000000e-01
9.849537037037037202e-01
9.849537037037037202e-01
9.861111111111111605e-01
9.861111111111111605e-01
9.866898148148147696e-01
9.866898148148147696e-01
9.872685185185184897e-01
9.872685185185184897e-01
9.878472222222222099e-01
9.878472222222222099e-01
9.884259259259259300e-01
9.884259259259259300e-01
9.895833333333333703e-01
9.895833333333333703e-01
9.907407407407406996e-01
9.907407407407406996e-01
9.913194444444444198e-01
9.913194444444444198e-01
9.924768518518518601e-01
9.924768518518518601e-01
9.930555555555555802e-01
9.930555555555555802e-01
9.936342592592593004e-01
9.936342592592593004e-01
9.942129629629629095e-01
9.942129629629629095e-01
9.947916666666666297e-01
9.947916666666666297e-01
9.953703703703703498e-01
9.953703703703703498e-01
9.959490740740740700e-01
9.959490740740740700e-01
9.965277777777777901e-01
9.965277777777777901e-01
9.971064814814815103e-01
9.971064814814815103e-01
9.976851851851852304e-01
9.976851851851852304e-01
9.982638888888888395e-01
9.982638888888888395e-01
9.988425925925925597e-01
9.988425925925925597e-01
9.994212962962962798e-01
9.994212962962962798e-01
9.994212962962962798e-01
9.994212962962962798e-01
1.000000000000000000e+00
1.000000000000000000e+00
1.000000000000000000e+00
1.000000000000000000e+00
1.000000000000000000e+00
1.000000000000000000e+00
1.000000000000000000e+00
1.000000000000000000e+00
1.000000000000000000e+00
1.000000000000000000e+00
1.000000000000000000e+00
1.000000000000000000e+00
1.000000000000000000e+00
1.000000000000000000e+00
1.000000000000000000e+00
1.000000000000000000e+00
1.000000000000000000e+00
1.000000000000000000e+00
1.000000000000000000e+00
1.000000000000000000e+00
