3 1827 1
4 1841 1
5 1827 1
6 1856 1
7 1856 1
10 1727 1
16 1827 1
17 1772 1
18 1841 1
19 1841 1
20 1772 1
20 1841 1
21 1832 1
22 1827 1
23 1841 1
25 1772 1
25 1841 1
26 1813 1
27 1772 1
28 1772 1
29 1832 1
30 1827 1
31 1772 1
32 1752 1
33 1752 1
35 1782 1
36 1841 1
39 1752 1
40 1752 1
43 1848 1
47 1727 1
55 1833 1
61 1813 1
65 1813 1
69 1827 1
74 1752 1
80 1827 1
84 1827 1
89 1855 1
89 1856 1
92 1833 1
94 1833 1
97 1776 1
101 1832 1
103 1820 1
115 1739 1
117 1827 1
118 1739 1
120 1813 1
120 1776 1
121 1776 1
122 1813 1
124 1841 1
134 1841 1
135 1772 1
136 1772 1
137 1772 1
138 1841 1
139 1787 1
141 1797 1
141 1776 1
141 1787 1
142 1776 1
142 1813 1
143 1776 1
143 1787 1
144 1827 1
144 1739 1
144 1813 1
145 1797 1
148 1813 1
151 1813 1
157 1813 1
159 1813 1
167 1813 1
170 1827 1
178 1827 1
179 1827 1
179 1833 1
190 1813 1
195 1858 1
196 1827 1
196 1813 1
197 1827 1
199 1827 1
203 1827 1
210 1813 1
212 1827 1
215 1833 1
216 1813 1
218 1833 1
230 1832 1
237 1833 1
239 1827 1
242 1776 1
243 1858 1
246 1856 1
247 1813 1
252 1813 1
254 1813 1
255 1813 1
269 1821 1
270 1827 1
271 1827 1
275 1827 1
275 1832 1
275 1813 1
277 1773 1
277 1774 1
277 1813 1
279 1827 1
279 1833 1
281 1827 1
281 1773 1
286 1827 1
289 1739 1
292 1813 1
294 1827 1
296 1820 1
297 1782 1
303 1782 1
304 1833 1
305 1833 1
307 1822 1
308 1783 1
311 1841 1
312 1827 1
313 1809 1
315 1832 1
322 1827 1
322 1813 1
334 1739 1
338 1827 1
345 1833 1
352 1813 1
353 1776 1
357 1827 1
358 1813 1
359 1858 1
360 1858 1
365 1827 1
372 1856 1
390 1752 1
391 1813 1
409 1813 1
410 1813 1
417 1813 1
418 1813 1
421 1806 1
431 1813 1
432 1813 1
434 1813 1
442 1738 1
442 1744 1
442 1750 1
442 1742 1
445 1752 1
449 1841 1
451 1765 1
455 1805 1
456 1827 1
457 1776 1
457 1800 1
458 1776 1
469 1739 1
471 1856 1
473 1728 1
477 1856 1
478 1752 1
481 1752 1
490 1813 1
490 1776 1
491 1827 1
501 1813 1
506 1813 1
508 1813 1
512 1813 1
513 1736 1
518 1855 1
520 1793 1
527 1813 1
528 1813 1
529 1827 1
531 1832 1
532 1752 1
538 1817 1
538 1726 1
544 1832 1
546 1752 1
551 1837 1
552 1772 1
552 1813 1
552 1837 1
558 1827 1
565 1782 1
568 1841 1
568 1813 1
569 1776 1
570 1813 1
573 1841 1
574 1841 1
578 1783 1
578 1729 1
581 1813 1
583 1813 1
584 1776 1
587 1747 1
591 1752 1
594 1790 1
597 1727 1
600 1760 1
600 1776 1
603 1776 1
607 1730 1
615 1841 1
615 1788 1
631 1776 1
633 1813 1
637 1752 1
639 1832 1
640 1859 1
640 1728 1
641 1776 1
641 1733 1
648 1827 1
649 1813 1
651 1837 1
656 1827 1
658 1855 1
661 1813 1
661 1827 1
661 1837 1
663 1752 1
670 1776 1
671 1827 1
675 1726 1
675 1813 1
679 1793 1
684 1809 1
685 1813 1
686 1776 1
688 1851 1
689 1813 1
689 1827 1
689 1832 1
691 1773 1
691 1827 1
691 1776 1
696 1845 1
704 1776 1
704 1853 1
708 1813 1
712 1813 1
716 1813 1
718 1813 1
732 1856 1
736 1855 1
738 1813 1
742 1820 1
742 1815 1
742 1734 1
742 1736 1
755 1813 1
756 1813 1
758 1827 1
761 1841 1
763 1827 1
767 1827 1
773 1776 1
773 1816 1
773 1752 1
774 1827 1
777 1788 1
778 1813 1
782 1813 1
786 1833 1
789 1833 1
792 1833 1
797 1827 1
799 1833 1
800 1833 1
801 1827 1
802 1833 1
803 1827 1
804 1776 1
805 1827 1
806 1841 1
808 1827 1
809 1827 1
832 1827 1
834 1731 1
837 1813 1
837 1841 1
837 1848 1
838 1727 1
839 1827 1
842 1813 1
843 1793 1
848 1767 1
850 1752 1
853 1832 1
853 1788 1
855 1727 1
856 1820 1
857 1776 1
859 1813 1
861 1806 1
865 1827 1
866 1827 1
868 1739 1
870 1767 1
873 1752 1
874 1771 1
874 1823 1
876 1813 1
880 1776 1
882 1743 1
884 1827 1
886 1827 1
891 1832 1
893 1735 1
893 1776 1
894 1813 1
894 1818 1
897 1827 1
898 1802 1
900 1813 1
906 1813 1
912 1782 1
913 1841 1
919 1833 1
924 1813 1
924 1827 1
927 1813 1
931 1752 1
937 1827 1
940 1813 1
946 1832 1
953 1820 1
957 1840 1
957 1849 1
961 1813 1
962 1813 1
976 1767 1
980 1813 1
981 1841 1
981 1827 1
981 1809 1
982 1832 1
989 1751 1
992 1727 1
995 1856 1
1002 1752 1
1006 1827 1
1012 1827 1
1013 1776 1
1017 1810 1
1020 1752 1
1021 1754 1
1024 1832 1
1031 1813 1
1037 1827 1
1041 1813 1
1041 1743 1
1041 1722 1
1041 1788 1
1044 1747 1
1051 1776 1
1051 1854 1
1054 1854 1
1055 1855 1
1057 1813 1
1063 1776 1
1064 1827 1
1067 1752 1
1073 1776 1
1073 1805 1
1077 1827 1
1081 1747 1
1083 1856 1
1086 1752 1
1087 1776 1
1092 1827 1
1092 1830 1
1095 1727 1
1100 1827 1
1103 1827 1
1103 1858 1
1109 1813 1
1111 1827 1
1118 1813 1
1139 1813 1
1143 1813 1
1145 1813 1
1146 1813 1
1148 1735 1
1153 1813 1
1156 1813 1
1160 1735 1
1161 1813 1
1163 1722 1
1163 1735 1
1163 1776 1
1167 1827 1
1172 1730 1
1179 1842 1
1180 1813 1
1183 1841 1
1185 1827 1
1186 1841 1
1187 1813 1
1189 1735 1
1190 1813 1
1192 1827 1
1195 1827 1
1196 1776 1
1197 1776 1
1197 1813 1
1198 1776 1
1200 1827 1
1203 1813 1
1208 1813 1
1209 1827 1
1213 1813 1
1214 1823 1
1221 1823 1
1222 1728 1
1227 1764 1
1233 1764 1
1234 1728 1
1235 1764 1
1237 1776 1
1238 1827 1
1239 1813 1
1246 1772 1
1255 1739 1
1256 1739 1
1260 1827 1
1265 1827 1
1266 1827 1
1267 1813 1
1267 1827 1
1267 1793 1
1270 1841 1
1270 1813 1
1271 1772 1
1271 1841 1
1273 1772 1
1275 1746 1
1279 1813 1
1282 1813 1
1288 1813 1
1294 1743 1
1307 1813 1
1312 1749 1
1313 1827 1
1319 1752 1
1321 1813 1
1327 1827 1
1329 1813 1
1333 1856 1
1338 1827 1
1340 1739 1
1340 1841 1
1340 1788 1
1344 1827 1
1344 1772 1
1345 1827 1
1345 1833 1
1346 1813 1
1349 1772 1
1349 1832 1
1349 1841 1
1358 1827 1
1367 1752 1
1369 1808 1
1374 1827 1
1381 1746 1
1388 1813 1
1390 1827 1
1390 1752 1
1391 1813 1
1394 1827 1
1398 1827 1
1399 1856 1
1402 1752 1
1406 1776 1
1406 1823 1
1409 1776 1
1411 1827 1
1414 1833 1
1416 1806 1
1423 1813 1
1424 1813 1
1431 1776 1
1436 1776 1
1442 1776 1
1445 1813 1
1447 1806 1
1448 1813 1
1450 1808 1
1457 1827 1
1459 1837 1
1461 1837 1
1463 1813 1
1464 1813 1
1474 1841 1
1477 1776 1
1482 1813 1
1497 1854 1
1497 1855 1
1498 1752 1
1499 1856 1
1502 1841 1
1505 1827 1
1506 1813 1
1508 1734 1
1512 1743 1
1512 1776 1
1523 1827 1
1524 1813 1
1527 1747 1
1530 1813 1
1533 1727 1
1537 1727 1
1538 1848 1
1539 1848 1
1540 1752 1
1541 1848 1
1544 1841 1
1546 1752 1
1548 1832 1
1551 1776 1
1555 1813 1
1565 1832 1
1567 1776 1
1568 1827 1
1573 1856 1
1574 1841 1
1575 1841 1
1577 1813 1
1581 1827 1
1583 1813 1
1583 1776 1
1584 1776 1
1585 1776 1
1590 1813 1
1591 1855 1
1592 1736 1
1592 1795 1
1602 1793 1
1607 1776 1
1613 1841 1
1615 1827 1
1618 1752 1
1624 1776 1
1626 1841 1
1627 1752 1
1631 1841 1
1635 1776 1
1638 1813 1
1647 1813 1
1649 1827 1
1651 1837 1
1654 1772 1
1665 1856 1
1666 1752 1
1669 1776 1
1680 1752 1
1686 1832 1
1689 1813 1
1693 1813 1
1694 1813 1
1696 1813 1
1700 1813 1
1706 1827 1
1719 1841 1
1 1827 1
6 1813 1
7 1813 1
10 1848 1
13 1841 1
14 1752 1
16 1841 1
18 1827 1
20 1827 1
21 1813 1
25 1813 1
28 1832 1
28 1813 1
29 1827 1
30 1813 1
37 1832 1
42 1841 1
42 1727 1
44 1727 1
46 1848 1
46 1727 1
49 1833 1
72 1752 1
76 1752 1
85 1827 1
88 1722 1
91 1752 1
92 1827 1
94 1827 1
95 1827 1
98 1776 1
99 1776 1
104 1820 1
105 1820 1
106 1820 1
110 1832 1
113 1722 1
116 1841 1
117 1739 1
118 1827 1
119 1752 1
121 1813 1
127 1841 1
132 1813 1
133 1841 1
135 1813 1
136 1832 1
136 1841 1
139 1797 1
139 1776 1
140 1813 1
142 1797 1
142 1787 1
144 1776 1
154 1752 1
156 1752 1
157 1752 1
161 1752 1
162 1752 1
163 1813 1
166 1813 1
168 1827 1
171 1728 1
177 1833 1
180 1833 1
181 1838 1
184 1752 1
191 1776 1
194 1827 1
198 1827 1
200 1827 1
202 1813 1
204 1827 1
205 1813 1
206 1813 1
207 1813 1
211 1841 1
217 1827 1
217 1833 1
219 1827 1
219 1833 1
220 1827 1
220 1833 1
221 1841 1
224 1746 1
224 1743 1
226 1743 1
227 1743 1
233 1813 1
234 1833 1
239 1832 1
244 1833 1
245 1776 1
246 1855 1
249 1813 1
260 1833 1
262 1833 1
265 1813 1
267 1833 1
269 1827 1
274 1833 1
277 1832 1
278 1832 1
278 1773 1
278 1776 1
280 1833 1
281 1832 1
283 1827 1
285 1833 1
288 1739 1
290 1833 1
293 1832 1
294 1832 1
295 1820 1
299 1827 1
309 1827 1
312 1841 1
313 1841 1
313 1827 1
318 1752 1
320 1838 1
320 1813 1
322 1838 1
325 1827 1
326 1827 1
326 1833 1
328 1739 1
330 1832 1
331 1832 1
337 1820 1
338 1833 1
342 1813 1
349 1856 1
350 1827 1
350 1833 1
356 1782 1
357 1833 1
362 1813 1
364 1858 1
367 1813 1
370 1752 1
373 1752 1
375 1827 1
375 1813 1
376 1820 1
377 1820 1
380 1820 1
381 1820 1
396 1827 1
397 1841 1
397 1788 1
397 1809 1
398 1776 1
404 1776 1
406 1813 1
420 1813 1
423 1841 1
424 1776 1
427 1841 1
428 1752 1
433 1813 1
438 1813 1
442 1746 1
442 1748 1
442 1741 1
446 1827 1
454 1832 1
461 1739 1
463 1739 1
465 1813 1
471 1776 1
477 1813 1
480 1832 1
482 1746 1
483 1793 1
484 1791 1
487 1752 1
490 1815 1
490 1788 1
499 1813 1
500 1813 1
502 1813 1
504 1813 1
505 1813 1
513 1796 1
513 1740 1
514 1813 1
515 1813 1
516 1813 1
521 1752 1
522 1722 1
524 1813 1
542 1827 1
543 1735 1
545 1813 1
554 1813 1
561 1818 1
562 1823 1
563 1752 1
568 1832 1
570 1841 1
572 1827 1
573 1813 1
574 1847 1
575 1841 1
576 1847 1
578 1822 1
580 1841 1
584 1827 1
586 1815 1
587 1827 1
593 1776 1
597 1848 1
598 1841 1
600 1827 1
600 1813 1
604 1776 1
606 1767 1
610 1827 1
613 1827 1
620 1813 1
620 1810 1
620 1747 1
628 1776 1
630 1776 1
634 1813 1
638 1827 1
641 1827 1
642 1739 1
644 1841 1
645 1841 1
646 1841 1
653 1827 1
654 1827 1
655 1827 1
658 1858 1
663 1813 1
670 1735 1
676 1827 1
677 1776 1
684 1776 1
689 1744 1
689 1790 1
691 1813 1
693 1823 1
694 1813 1
695 1845 1
703 1827 1
704 1813 1
714 1839 1
714 1847 1
719 1845 1
728 1731 1
729 1731 1
733 1858 1
737 1858 1
740 1813 1
741 1813 1
749 1776 1
766 1827 1
768 1827 1
773 1809 1
773 1770 1
773 1789 1
773 1819 1
776 1813 1
788 1827 1
790 1833 1
792 1827 1
796 1833 1
798 1812 1
800 1827 1
801 1833 1
810 1802 1
813 1813 1
815 1813 1
819 1832 1
827 1752 1
845 1832 1
846 1767 1
851 1813 1
852 1827 1
856 1776 1
857 1813 1
857 1722 1
860 1813 1
861 1772 1
867 1813 1
869 1813 1
874 1752 1
874 1770 1
878 1808 1
880 1746 1
881 1813 1
882 1746 1
885 1823 1
887 1827 1
893 1827 1
902 1772 1
902 1827 1
902 1832 1
904 1739 1
906 1776 1
907 1751 1
908 1820 1
909 1813 1
913 1849 1
914 1841 1
915 1827 1
920 1803 1
923 1813 1
925 1752 1
935 1752 1
938 1837 1
947 1841 1
954 1813 1
955 1827 1
957 1846 1
959 1847 1
959 1841 1
969 1827 1
971 1813 1
973 1767 1
973 1776 1
973 1841 1
973 1827 1
975 1776 1
978 1813 1
979 1776 1
980 1827 1
985 1827 1
988 1731 1
991 1827 1
991 1776 1
992 1841 1
993 1855 1
1003 1829 1
1007 1752 1
1007 1827 1
1008 1827 1
1010 1813 1
1018 1788 1
1020 1759 1
1022 1752 1
1024 1827 1
1024 1813 1
1025 1813 1
1028 1827 1
1033 1827 1
1035 1827 1
1037 1836 1
1038 1841 1
1039 1813 1
1041 1776 1
1041 1820 1
1042 1747 1
1051 1853 1
1056 1813 1
1061 1752 1
1065 1782 1
1077 1776 1
1080 1841 1
1089 1833 1
1090 1827 1
1090 1833 1
1091 1752 1
1092 1836 1
1093 1746 1
1103 1820 1
1103 1813 1
1104 1827 1
1108 1722 1
1110 1815 1
1115 1813 1
1117 1813 1
1122 1813 1
1126 1813 1
1133 1813 1
1135 1813 1
1138 1845 1
1144 1813 1
1147 1813 1
1152 1813 1
1155 1813 1
1158 1813 1
1160 1841 1
1161 1832 1
1162 1813 1
1170 1747 1
1172 1813 1
1172 1778 1
1172 1827 1
1172 1832 1
1178 1776 1
1180 1827 1
1181 1813 1
1183 1847 1
1184 1855 1
1189 1776 1
1189 1805 1
1190 1739 1
1191 1786 1
1191 1788 1
1192 1776 1
1193 1776 1
1193 1739 1
1193 1827 1
1193 1813 1
1194 1827 1
1195 1776 1
1195 1739 1
1195 1813 1
1198 1739 1
1206 1813 1
1212 1813 1
1218 1823 1
1221 1813 1
1232 1764 1
1234 1813 1
1238 1772 1
1241 1806 1
1242 1813 1
1245 1827 1
1248 1722 1
1250 1837 1
1252 1841 1
1253 1841 1
1254 1841 1
1259 1813 1
1262 1776 1
1262 1823 1
1264 1827 1
1269 1813 1
1270 1772 1
1270 1832 1
1271 1827 1
1271 1813 1
1272 1772 1
1272 1813 1
1276 1752 1
1277 1813 1
1284 1813 1
1288 1827 1
1288 1832 1
1293 1813 1
1295 1806 1
1296 1845 1
1296 1827 1
1304 1853 1
1304 1858 1
1304 1854 1
1308 1813 1
1309 1823 1
1311 1827 1
1312 1827 1
1318 1752 1
1320 1751 1
1324 1776 1
1332 1832 1
1334 1813 1
1337 1837 1
1340 1813 1
1343 1827 1
1347 1813 1
1349 1827 1
1349 1813 1
1351 1823 1
1352 1813 1
1355 1747 1
1365 1753 1
1376 1827 1
1377 1813 1
1378 1813 1
1380 1813 1
1382 1813 1
1387 1785 1
1389 1813 1
1391 1752 1
1392 1827 1
1393 1752 1
1393 1813 1
1395 1721 1
1401 1827 1
1403 1793 1
1406 1810 1
1423 1776 1
1428 1813 1
1434 1776 1
1438 1776 1
1443 1827 1
1450 1773 1
1457 1722 1
1466 1827 1
1470 1776 1
1483 1813 1
1484 1813 1
1488 1813 1
1496 1827 1
1497 1853 1
1499 1776 1
1504 1751 1
1509 1841 1
1512 1746 1
1513 1837 1
1513 1841 1
1515 1845 1
1517 1747 1
1519 1747 1
1521 1747 1
1529 1751 1
1531 1848 1
1534 1841 1
1541 1727 1
1544 1847 1
1547 1827 1
1548 1827 1
1552 1730 1
1558 1813 1
1560 1752 1
1563 1827 1
1564 1813 1
1566 1813 1
1567 1813 1
1567 1832 1
1571 1776 1
1572 1844 1
1579 1751 1
1579 1815 1
1580 1815 1
1582 1855 1
1583 1739 1
1587 1776 1
1588 1813 1
1589 1841 1
1590 1827 1
1590 1820 1
1592 1836 1
1593 1813 1
1595 1813 1
1604 1776 1
1604 1841 1
1611 1827 1
1612 1809 1
1613 1848 1
1613 1727 1
1616 1752 1
1617 1813 1
1621 1813 1
1626 1752 1
1634 1752 1
1637 1752 1
1638 1746 1
1638 1827 1
1641 1827 1
1645 1827 1
1646 1827 1
1652 1856 1
1653 1827 1
1656 1827 1
1662 1776 1
1663 1776 1
1663 1788 1
1663 1823 1
1665 1813 1
1668 1830 1
1671 1813 1
1674 1776 1
1681 1813 1
1691 1813 1
1695 1813 1
1697 1813 1
1699 1813 1
1715 1776 1
1716 1813 1
1716 1790 1
1717 1813 1
1718 1752 1
0 1856 1
5 1856 1
11 1848 1
12 1848 1
17 1832 1
18 1772 1
18 1832 1
19 1832 1
20 1832 1
20 1813 1
21 1827 1
22 1832 1
22 1841 1
23 1772 1
23 1832 1
24 1772 1
24 1827 1
25 1827 1
26 1832 1
26 1841 1
27 1827 1
28 1827 1
31 1827 1
31 1832 1
43 1841 1
44 1841 1
46 1841 1
47 1841 1
48 1833 1
50 1833 1
52 1833 1
54 1833 1
58 1813 1
62 1813 1
63 1813 1
64 1813 1
67 1813 1
70 1833 1
75 1752 1
78 1827 1
79 1827 1
96 1776 1
100 1832 1
102 1820 1
107 1820 1
108 1813 1
109 1832 1
114 1833 1
130 1813 1
136 1813 1
137 1827 1
137 1813 1
138 1832 1
139 1813 1
140 1776 1
140 1787 1
141 1827 1
141 1813 1
142 1827 1
143 1797 1
143 1827 1
143 1813 1
144 1787 1
145 1739 1
145 1776 1
158 1813 1
160 1813 1
168 1832 1
170 1832 1
176 1827 1
178 1833 1
181 1827 1
181 1813 1
182 1832 1
191 1813 1
192 1776 1
193 1776 1
194 1838 1
197 1838 1
197 1813 1
198 1838 1
200 1838 1
200 1813 1
203 1838 1
204 1813 1
207 1838 1
208 1813 1
209 1813 1
211 1847 1
212 1813 1
213 1813 1
221 1848 1
226 1746 1
228 1841 1
229 1838 1
240 1820 1
246 1858 1
248 1727 1
251 1841 1
259 1856 1
261 1782 1
264 1827 1
264 1833 1
268 1827 1
270 1833 1
271 1833 1
272 1827 1
273 1833 1
275 1772 1
275 1773 1
276 1827 1
278 1813 1
282 1827 1
284 1739 1
287 1739 1
290 1827 1
291 1833 1
298 1827 1
300 1813 1
301 1833 1
302 1827 1
304 1827 1
306 1833 1
314 1827 1
314 1809 1
317 1832 1
319 1752 1
321 1752 1
323 1833 1
327 1827 1
327 1833 1
329 1813 1
343 1782 1
344 1823 1
351 1827 1
368 1813 1
371 1752 1
378 1820 1
385 1729 1
386 1776 1
388 1813 1
392 1813 1
395 1752 1
400 1813 1
408 1813 1
411 1823 1
415 1813 1
419 1832 1
426 1809 1
429 1813 1
439 1813 1
442 1857 1
448 1809 1
448 1752 1
448 1813 1
452 1752 1
455 1735 1
462 1827 1
462 1813 1
463 1793 1
465 1793 1
468 1841 1
469 1813 1
473 1859 1
474 1841 1
476 1813 1
476 1856 1
477 1827 1
482 1827 1
489 1752 1
493 1813 1
494 1813 1
497 1813 1
517 1776 1
517 1827 1
522 1813 1
526 1808 1
530 1776 1
536 1776 1
538 1734 1
538 1803 1
539 1776 1
541 1776 1
541 1841 1
552 1752 1
552 1756 1
555 1820 1
556 1813 1
561 1813 1
564 1788 1
566 1752 1
569 1827 1
570 1793 1
572 1776 1
572 1841 1
575 1793 1
581 1776 1
581 1841 1
582 1827 1
584 1813 1
593 1813 1
594 1832 1
600 1820 1
603 1827 1
603 1752 1
604 1827 1
604 1752 1
605 1743 1
605 1813 1
605 1767 1
607 1832 1
608 1827 1
609 1827 1
615 1827 1
615 1809 1
618 1793 1
619 1793 1
620 1811 1
621 1746 1
624 1776 1
625 1776 1
626 1776 1
627 1776 1
636 1739 1
640 1775 1
643 1751 1
644 1752 1
647 1752 1
650 1776 1
652 1841 1
657 1752 1
658 1746 1
658 1853 1
660 1813 1
661 1810 1
661 1800 1
665 1827 1
666 1764 1
670 1805 1
672 1808 1
675 1803 1
677 1813 1
680 1752 1
688 1799 1
688 1752 1
691 1841 1
698 1845 1
702 1827 1
705 1776 1
713 1847 1
717 1845 1
720 1777 1
723 1845 1
726 1731 1
730 1731 1
733 1856 1
734 1858 1
735 1855 1
737 1853 1
742 1793 1
743 1776 1
750 1776 1
751 1776 1
759 1813 1
762 1827 1
764 1827 1
769 1827 1
771 1827 1
772 1807 1
773 1813 1
773 1857 1
773 1858 1
773 1728 1
773 1761 1
777 1813 1
785 1833 1
786 1827 1
788 1833 1
789 1827 1
790 1827 1
794 1833 1
802 1827 1
805 1832 1
807 1827 1
817 1813 1
820 1832 1
820 1813 1
825 1841 1
826 1752 1
828 1752 1
829 1752 1
831 1813 1
838 1848 1
840 1813 1
844 1747 1
853 1827 1
853 1722 1
866 1832 1
867 1841 1
871 1767 1
872 1752 1
873 1767 1
874 1743 1
874 1728 1
875 1827 1
875 1776 1
880 1743 1
889 1832 1
890 1832 1
893 1844 1
893 1813 1
893 1788 1
895 1841 1
900 1752 1
901 1788 1
903 1827 1
905 1752 1
906 1827 1
914 1849 1
918 1746 1
918 1743 1
918 1757 1
918 1827 1
918 1753 1
918 1832 1
920 1813 1
924 1776 1
928 1813 1
936 1724 1
938 1813 1
941 1813 1
943 1813 1
951 1820 1
956 1813 1
956 1776 1
957 1841 1
957 1839 1
958 1813 1
959 1839 1
960 1813 1
964 1813 1
970 1813 1
972 1813 1
990 1827 1
994 1855 1
997 1825 1
997 1780 1
999 1776 1
1003 1813 1
1003 1828 1
1003 1830 1
1003 1832 1
1004 1827 1
1005 1827 1
1011 1856 1
1013 1856 1
1016 1802 1
1017 1823 1
1019 1813 1
1021 1752 1
1027 1752 1
1028 1832 1
1036 1813 1
1050 1813 1
1051 1743 1
1051 1804 1
1053 1854 1
1057 1827 1
1066 1752 1
1069 1856 1
1070 1813 1
1082 1752 1
1084 1813 1
1085 1841 1
1088 1813 1
1092 1835 1
1095 1841 1
1096 1813 1
1098 1833 1
1106 1752 1
1107 1806 1
1112 1813 1
1120 1813 1
1121 1813 1
1123 1813 1
1124 1813 1
1128 1813 1
1130 1813 1
1131 1813 1
1131 1728 1
1132 1813 1
1136 1813 1
1140 1813 1
1142 1813 1
1148 1776 1
1149 1827 1
1150 1827 1
1157 1813 1
1159 1827 1
1160 1840 1
1162 1832 1
1163 1805 1
1165 1813 1
1166 1841 1
1176 1739 1
1179 1843 1
1179 1849 1
1185 1765 1
1190 1827 1
1191 1776 1
1196 1813 1
1197 1739 1
1197 1827 1
1198 1813 1
1201 1813 1
1205 1813 1
1210 1802 1
1211 1813 1
1219 1813 1
1219 1776 1
1229 1764 1
1230 1776 1
1231 1841 1
1238 1841 1
1240 1747 1
1249 1752 1
1257 1813 1
1262 1809 1
1266 1793 1
1268 1793 1
1269 1827 1
1269 1793 1
1271 1832 1
1272 1841 1
1276 1813 1
1281 1813 1
1294 1746 1
1296 1763 1
1298 1813 1
1301 1827 1
1303 1772 1
1303 1832 1
1314 1827 1
1316 1752 1
1322 1856 1
1325 1827 1
1326 1752 1
1331 1813 1
1333 1776 1
1335 1832 1
1339 1813 1
1340 1722 1
1342 1752 1
1352 1827 1
1352 1832 1
1354 1747 1
1359 1813 1
1361 1739 1
1364 1827 1
1365 1754 1
1366 1806 1
1370 1813 1
1373 1841 1
1375 1776 1
1375 1788 1
1381 1743 1
1383 1813 1
1384 1813 1
1385 1827 1
1386 1827 1
1387 1721 1
1387 1794 1
1389 1827 1
1390 1813 1
1392 1752 1
1394 1752 1
1396 1793 1
1405 1765 1
1406 1809 1
1409 1827 1
1409 1813 1
1410 1752 1
1412 1827 1
1419 1776 1
1421 1813 1
1426 1813 1
1432 1776 1
1433 1776 1
1437 1776 1
1444 1813 1
1446 1758 1
1446 1813 1
1447 1772 1
1450 1776 1
1451 1752 1
1454 1752 1
1455 1752 1
1456 1752 1
1457 1833 1
1458 1776 1
1471 1832 1
1474 1772 1
1476 1841 1
1479 1813 1
1480 1813 1
1486 1813 1
1500 1827 1
1503 1823 1
1506 1776 1
1508 1784 1
1508 1803 1
1513 1813 1
1516 1808 1
1518 1832 1
1526 1776 1
1530 1856 1
1531 1841 1
1533 1841 1
1534 1727 1
1535 1776 1
1536 1813 1
1537 1841 1
1538 1841 1
1541 1841 1
1542 1813 1
1546 1768 1
1546 1772 1
1546 1788 1
1549 1827 1
1554 1813 1
1556 1813 1
1559 1841 1
1561 1837 1
1584 1813 1
1585 1813 1
1585 1739 1
1586 1776 1
1592 1834 1
1592 1732 1
1592 1737 1
1600 1813 1
1602 1781 1
1602 1776 1
1604 1827 1
1604 1813 1
1610 1856 1
1619 1776 1
1620 1752 1
1625 1813 1
1628 1776 1
1630 1827 1
1631 1776 1
1632 1827 1
1640 1752 1
1641 1753 1
1641 1756 1
1641 1832 1
1642 1752 1
1644 1855 1
1653 1772 1
1658 1752 1
1658 1754 1
1658 1841 1
1661 1813 1
1668 1758 1
1668 1828 1
1668 1829 1
1668 1831 1
1668 1772 1
1684 1832 1
1685 1832 1
1712 1813 1
1713 1813 1
1714 1813 1
1715 1827 1
1716 1776 1
1716 1827 1
8 1813 1
9 1813 1
11 1841 1
11 1727 1
15 1841 1
17 1813 1
19 1772 1
21 1772 1
23 1827 1
24 1841 1
24 1813 1
26 1772 1
27 1813 1
29 1772 1
29 1841 1
29 1813 1
30 1841 1
31 1841 1
34 1782 1
36 1827 1
37 1772 1
37 1827 1
37 1841 1
38 1752 1
41 1833 1
44 1848 1
51 1827 1
51 1833 1
52 1827 1
55 1827 1
56 1813 1
57 1813 1
59 1813 1
66 1813 1
71 1752 1
77 1813 1
82 1827 1
86 1827 1
87 1776 1
95 1833 1
111 1808 1
112 1808 1
117 1797 1
118 1797 1
123 1813 1
126 1841 1
131 1841 1
133 1848 1
134 1772 1
134 1827 1
134 1832 1
134 1813 1
135 1832 1
135 1841 1
137 1841 1
138 1827 1
138 1813 1
139 1827 1
139 1739 1
142 1739 1
143 1739 1
146 1813 1
147 1827 1
148 1856 1
149 1813 1
149 1856 1
154 1813 1
155 1752 1
158 1752 1
159 1752 1
161 1813 1
164 1813 1
164 1722 1
165 1813 1
172 1813 1
173 1827 1
176 1833 1
182 1827 1
185 1813 1
186 1813 1
187 1813 1
188 1813 1
194 1813 1
198 1813 1
199 1813 1
201 1838 1
201 1813 1
202 1827 1
202 1838 1
203 1813 1
207 1827 1
211 1839 1
222 1841 1
223 1841 1
225 1827 1
229 1827 1
230 1827 1
232 1813 1
234 1827 1
238 1827 1
246 1853 1
253 1813 1
258 1739 1
259 1855 1
266 1813 1
268 1833 1
269 1722 1
269 1813 1
274 1827 1
275 1776 1
276 1833 1
277 1772 1
278 1772 1
281 1772 1
281 1774 1
281 1776 1
281 1813 1
291 1827 1
298 1833 1
305 1827 1
307 1729 1
310 1827 1
311 1848 1
314 1841 1
316 1813 1
319 1735 1
320 1827 1
323 1827 1
325 1833 1
334 1832 1
335 1820 1
336 1820 1
339 1813 1
340 1827 1
340 1833 1
346 1853 1
347 1776 1
348 1776 1
354 1776 1
355 1813 1
360 1853 1
360 1855 1
363 1827 1
363 1833 1
366 1746 1
366 1743 1
374 1827 1
375 1838 1
382 1813 1
383 1813 1
384 1813 1
385 1822 1
387 1813 1
393 1813 1
394 1739 1
396 1797 1
397 1827 1
399 1813 1
414 1813 1
422 1752 1
430 1813 1
435 1813 1
443 1813 1
444 1813 1
450 1752 1
453 1752 1
455 1752 1
457 1810 1
459 1813 1
462 1820 1
467 1813 1
469 1858 1
469 1820 1
470 1827 1
472 1832 1
473 1775 1
475 1850 1
476 1827 1
479 1752 1
484 1841 1
486 1728 1
488 1747 1
489 1759 1
490 1769 1
490 1823 1
491 1813 1
491 1746 1
491 1743 1
492 1813 1
495 1813 1
503 1813 1
507 1813 1
509 1813 1
511 1813 1
513 1834 1
513 1732 1
513 1737 1
513 1723 1
523 1752 1
534 1765 1
538 1823 1
538 1784 1
538 1813 1
544 1827 1
547 1813 1
550 1747 1
551 1813 1
552 1827 1
552 1754 1
559 1752 1
567 1752 1
570 1827 1
570 1776 1
575 1813 1
576 1839 1
577 1783 1
578 1814 1
580 1776 1
581 1827 1
585 1813 1
587 1813 1
590 1858 1
593 1827 1
595 1827 1
596 1841 1
597 1841 1
599 1827 1
600 1841 1
601 1827 1
602 1752 1
607 1813 1
611 1793 1
612 1793 1
614 1758 1
616 1793 1
617 1793 1
619 1827 1
620 1776 1
620 1837 1
623 1827 1
635 1825 1
639 1827 1
645 1827 1
648 1776 1
648 1813 1
651 1841 1
658 1743 1
658 1856 1
659 1813 1
659 1752 1
661 1811 1
664 1833 1
668 1827 1
669 1801 1
675 1817 1
675 1784 1
677 1841 1
683 1776 1
692 1823 1
704 1827 1
706 1806 1
707 1806 1
711 1752 1
713 1839 1
722 1845 1
724 1752 1
725 1731 1
731 1731 1
734 1856 1
739 1813 1
742 1826 1
742 1726 1
742 1827 1
742 1735 1
744 1776 1
745 1776 1
746 1776 1
754 1813 1
757 1827 1
760 1813 1
765 1827 1
770 1827 1
773 1823 1
773 1771 1
775 1813 1
779 1813 1
781 1827 1
784 1833 1
787 1827 1
791 1813 1
795 1827 1
798 1833 1
811 1827 1
819 1813 1
821 1841 1
822 1841 1
823 1841 1
827 1759 1
830 1813 1
835 1813 1
838 1841 1
840 1752 1
845 1827 1
849 1813 1
851 1727 1
853 1762 1
854 1813 1
855 1841 1
855 1848 1
856 1722 1
857 1788 1
857 1820 1
858 1813 1
862 1813 1
863 1752 1
864 1827 1
865 1776 1
867 1837 1
874 1819 1
874 1841 1
874 1844 1
876 1776 1
877 1841 1
879 1813 1
883 1739 1
892 1832 1
899 1823 1
904 1785 1
904 1793 1
910 1841 1
910 1849 1
911 1841 1
916 1832 1
918 1752 1
918 1759 1
926 1776 1
929 1856 1
930 1856 1
933 1752 1
934 1752 1
936 1722 1
939 1751 1
942 1813 1
944 1827 1
946 1820 1
947 1813 1
948 1776 1
949 1820 1
967 1813 1
968 1813 1
977 1767 1
981 1788 1
983 1827 1
986 1813 1
986 1839 1
987 1739 1
991 1841 1
994 1813 1
998 1837 1
1001 1752 1
1003 1827 1
1003 1831 1
1013 1859 1
1014 1752 1
1015 1776 1
1017 1809 1
1019 1841 1
1020 1755 1
1020 1757 1
1023 1827 1
1023 1832 1
1028 1752 1
1029 1813 1
1043 1747 1
1046 1752 1
1047 1841 1
1049 1813 1
1051 1746 1
1051 1813 1
1058 1827 1
1062 1752 1
1068 1827 1
1072 1752 1
1073 1735 1
1074 1827 1
1076 1759 1
1078 1793 1
1079 1776 1
1083 1813 1
1094 1848 1
1095 1848 1
1097 1841 1
1099 1812 1
1101 1827 1
1102 1827 1
1102 1833 1
1103 1739 1
1104 1833 1
1105 1827 1
1106 1779 1
1113 1813 1
1129 1813 1
1134 1813 1
1141 1813 1
1148 1805 1
1151 1837 1
1154 1813 1
1160 1845 1
1168 1747 1
1172 1749 1
1173 1813 1
1174 1813 1
1175 1752 1
1181 1827 1
1189 1818 1
1192 1739 1
1194 1739 1
1199 1827 1
1202 1841 1
1215 1823 1
1218 1809 1
1219 1735 1
1219 1844 1
1225 1764 1
1226 1776 1
1236 1752 1
1250 1752 1
1251 1841 1
1262 1788 1
1262 1813 1
1266 1813 1
1272 1827 1
1272 1832 1
1273 1827 1
1273 1841 1
1274 1841 1
1277 1722 1
1280 1813 1
1286 1813 1
1288 1772 1
1292 1813 1
1296 1762 1
1296 1808 1
1297 1813 1
1299 1813 1
1300 1827 1
1301 1833 1
1302 1823 1
1303 1827 1
1305 1823 1
1315 1776 1
1317 1752 1
1321 1776 1
1322 1776 1
1323 1776 1
1323 1856 1
1324 1856 1
1324 1859 1
1328 1813 1
1330 1813 1
1332 1827 1
1335 1841 1
1335 1827 1
1338 1832 1
1340 1798 1
1348 1827 1
1350 1776 1
1352 1772 1
1357 1827 1
1362 1859 1
1363 1827 1
1368 1813 1
1368 1827 1
1389 1752 1
1393 1827 1
1394 1813 1
1395 1739 1
1395 1735 1
1395 1720 1
1401 1728 1
1404 1827 1
1406 1788 1
1408 1823 1
1411 1776 1
1414 1827 1
1417 1776 1
1427 1813 1
1439 1776 1
1440 1728 1
1441 1813 1
1449 1813 1
1450 1827 1
1450 1813 1
1450 1841 1
1453 1752 1
1460 1813 1
1467 1813 1
1468 1813 1
1469 1832 1
1471 1827 1
1472 1841 1
1474 1813 1
1475 1827 1
1476 1776 1
1477 1827 1
1477 1841 1
1487 1813 1
1489 1841 1
1494 1818 1
1495 1818 1
1496 1844 1
1497 1858 1
1499 1813 1
1501 1827 1
1512 1827 1
1512 1813 1
1514 1813 1
1524 1728 1
1528 1837 1
1532 1841 1
1539 1841 1
1550 1813 1
1557 1813 1
1561 1813 1
1562 1772 1
1565 1827 1
1565 1752 1
1567 1790 1
1576 1841 1
1577 1749 1
1581 1813 1
1584 1739 1
1586 1813 1
1586 1739 1
1587 1739 1
1592 1796 1
1592 1740 1
1597 1813 1
1603 1751 1
1605 1752 1
1609 1827 1
1612 1813 1
1619 1805 1
1619 1735 1
1622 1813 1
1636 1752 1
1638 1743 1
1638 1837 1
1639 1813 1
1641 1752 1
1643 1855 1
1643 1856 1
1644 1856 1
1648 1841 1
1656 1772 1
1658 1799 1
1659 1752 1
1660 1752 1
1665 1776 1
1670 1728 1
1670 1776 1
1673 1724 1
1676 1813 1
1679 1772 1
1683 1832 1
1687 1827 1
1690 1813 1
1701 1813 1
1702 1813 1
1704 1813 1
1705 1827 1
1707 1752 1
1708 1752 1
1711 1776 1
1713 1793 1
1716 1744 1
