0.000000000000000000e+00
0.000000000000000000e+00
0.000000000000000000e+00
2.024291497975708523e-03
2.024291497975708523e-03
4.048582995951417046e-03
4.048582995951417046e-03
6.072874493927125569e-03
6.072874493927125569e-03
8.097165991902834092e-03
8.097165991902834092e-03
1.012145748987854262e-02
1.012145748987854262e-02
1.214574898785425114e-02
1.214574898785425114e-02
1.619433198380566818e-02
1.619433198380566818e-02
1.821862348178137497e-02
1.821862348178137497e-02
2.024291497975708523e-02
2.024291497975708523e-02
2.226720647773279202e-02
2.226720647773279202e-02
2.429149797570850228e-02
2.429149797570850228e-02
2.631578947368420907e-02
2.631578947368420907e-02
2.834008097165991932e-02
2.834008097165991932e-02
3.238866396761133637e-02
3.238866396761133637e-02
3.441295546558704316e-02
3.441295546558704316e-02
3.643724696356274995e-02
3.643724696356274995e-02
3.846153846153846367e-02
3.846153846153846367e-02
4.048582995951417046e-02
4.048582995951417046e-02
4.453441295546558404e-02
4.453441295546558404e-02
4.858299595141700455e-02
4.858299595141700455e-02
5.060728744939271134e-02
5.060728744939271134e-02
5.465587044534413186e-02
5.465587044534413186e-02
5.870445344129554543e-02
5.870445344129554543e-02
6.072874493927125222e-02
6.072874493927125222e-02
6.477732793522267274e-02
6.477732793522267274e-02
6.680161943319838647e-02
6.680161943319838647e-02
6.882591093117408632e-02
6.882591093117408632e-02
7.085020242914980004e-02
7.085020242914980004e-02
7.287449392712549989e-02
7.287449392712549989e-02
7.489878542510121362e-02
7.489878542510121362e-02
7.692307692307692735e-02
7.692307692307692735e-02
7.894736842105262720e-02
7.894736842105262720e-02
8.299595141700405465e-02
8.299595141700405465e-02
8.502024291497975450e-02
8.502024291497975450e-02
8.704453441295546823e-02
8.704453441295546823e-02
8.906882591093116808e-02
8.906882591093116808e-02
9.311740890688259553e-02
9.311740890688259553e-02
9.514170040485829538e-02
9.514170040485829538e-02
1.052631578947368363e-01
1.052631578947368363e-01
1.072874493927125500e-01
1.072874493927125500e-01
1.093117408906882637e-01
1.093117408906882637e-01
1.234817813765182182e-01
1.234817813765182182e-01
1.275303643724696456e-01
1.275303643724696456e-01
1.295546558704453455e-01
1.295546558704453455e-01
1.356275303643724728e-01
1.356275303643724728e-01
1.437246963562752999e-01
1.437246963562752999e-01
1.457489878542509998e-01
1.457489878542509998e-01
1.497975708502024272e-01
1.497975708502024272e-01
1.518218623481781271e-01
1.518218623481781271e-01
1.558704453441295545e-01
1.558704453441295545e-01
1.578947368421052544e-01
1.578947368421052544e-01
1.599190283400809820e-01
1.599190283400809820e-01
1.619433198380566818e-01
1.619433198380566818e-01
1.639676113360323817e-01
1.639676113360323817e-01
1.680161943319838092e-01
1.680161943319838092e-01
1.720647773279352089e-01
1.720647773279352089e-01
1.801619433198380638e-01
1.801619433198380638e-01
1.862348178137651911e-01
1.862348178137651911e-01
1.882591093117408909e-01
1.882591093117408909e-01
1.923076923076923184e-01
1.923076923076923184e-01
1.963562753036437181e-01
1.963562753036437181e-01
1.983805668016194457e-01
1.983805668016194457e-01
2.085020242914979727e-01
2.085020242914979727e-01
2.246963562753036547e-01
2.246963562753036547e-01
2.287449392712550544e-01
2.287449392712550544e-01
2.408906882591093090e-01
2.408906882591093090e-01
2.449392712550607365e-01
2.449392712550607365e-01
2.591093117408906910e-01
2.591093117408906910e-01
2.651821862348178183e-01
2.651821862348178183e-01
2.672064777327935459e-01
2.672064777327935459e-01
2.773279352226720729e-01
2.773279352226720729e-01
2.793522267206478005e-01
2.793522267206478005e-01
3.016194331983805821e-01
3.016194331983805821e-01
3.056680161943319818e-01
3.056680161943319818e-01
3.076923076923077094e-01
3.076923076923077094e-01
3.097165991902833815e-01
3.097165991902833815e-01
3.259109311740890913e-01
3.259109311740890913e-01
3.299595141700404910e-01
3.299595141700404910e-01
3.421052631578947456e-01
3.421052631578947456e-01
3.481781376518218729e-01
3.481781376518218729e-01
3.582995951417003999e-01
3.582995951417003999e-01
3.724696356275303821e-01
3.724696356275303821e-01
3.744939271255060542e-01
3.744939271255060542e-01
3.846153846153846367e-01
3.846153846153846367e-01
4.089068825910930904e-01
4.089068825910930904e-01
4.129554655870445457e-01
4.129554655870445457e-01
4.251012145748988003e-01
4.251012145748988003e-01
4.271255060728744724e-01
4.271255060728744724e-01
4.311740890688259276e-01
4.311740890688259276e-01
4.392712550607287270e-01
4.392712550607287270e-01
4.433198380566801822e-01
4.433198380566801822e-01
4.493927125506073095e-01
4.493927125506073095e-01
4.595141700404858365e-01
4.595141700404858365e-01
4.655870445344129638e-01
4.655870445344129638e-01
4.777327935222672184e-01
4.777327935222672184e-01
4.939271255060728727e-01
4.939271255060728727e-01
4.959514170040486003e-01
4.959514170040486003e-01
5.020242914979756721e-01
5.020242914979756721e-01
5.202429149797570540e-01
5.202429149797570540e-01
5.242914979757085092e-01
5.242914979757085092e-01
5.384615384615384359e-01
5.384615384615384359e-01
5.485829959514170184e-01
5.485829959514170184e-01
5.506072874493926905e-01
5.506072874493926905e-01
5.587044534412956009e-01
5.587044534412956009e-01
5.627530364372469451e-01
5.627530364372469451e-01
5.647773279352226172e-01
5.647773279352226172e-01
6.032388663967611642e-01
6.032388663967611642e-01
6.417004048582996001e-01
6.417004048582996001e-01
6.619433198380566541e-01
6.619433198380566541e-01
7.327935222672065096e-01
7.327935222672065096e-01
7.510121457489878916e-01
7.510121457489878916e-01
8.582995951417003999e-01
8.582995951417003999e-01
1.000000000000000000e+00
