0.000000000000000000e+00
2.024291497975708523e-03
3.441295546558704177e-01
3.441295546558704177e-01
4.190283400809716730e-01
4.190283400809716730e-01
4.838056680161943457e-01
4.838056680161943457e-01
4.878542510121457454e-01
4.878542510121457454e-01
5.040485829959514552e-01
5.040485829959514552e-01
5.161943319838057098e-01
5.161943319838057098e-01
5.688259109311740724e-01
5.688259109311740724e-01
5.789473684210526550e-01
5.789473684210526550e-01
5.951417004048582537e-01
5.951417004048582537e-01
5.991902834008097090e-01
5.991902834008097090e-01
6.093117408906882915e-01
6.093117408906882915e-01
6.153846153846154188e-01
6.153846153846154188e-01
6.275303643724696734e-01
6.275303643724696734e-01
6.437246963562752722e-01
6.437246963562752722e-01
6.497975708502023995e-01
6.497975708502023995e-01
6.578947368421053099e-01
6.578947368421053099e-01
6.801619433198380360e-01
6.801619433198380360e-01
6.821862348178138191e-01
6.821862348178138191e-01
6.882591093117408354e-01
6.882591093117408354e-01
6.902834008097166185e-01
6.902834008097166185e-01
6.923076923076922906e-01
6.923076923076922906e-01
6.943319838056679627e-01
6.943319838056679627e-01
7.206477732793522550e-01
7.206477732793522550e-01
7.226720647773279271e-01
7.226720647773279271e-01
7.348178137651821817e-01
7.348178137651821817e-01
7.469635627530364363e-01
7.469635627530364363e-01
7.489878542510121084e-01
7.489878542510121084e-01
7.510121457489878916e-01
7.510121457489878916e-01
7.530364372469635637e-01
7.530364372469635637e-01
7.672064777327934904e-01
7.672064777327934904e-01
7.753036437246964008e-01
7.753036437246964008e-01
7.773279352226720729e-01
7.773279352226720729e-01
7.793522267206477450e-01
7.793522267206477450e-01
7.955465587044534548e-01
7.955465587044534548e-01
7.975708502024291269e-01
7.975708502024291269e-01
8.076923076923077094e-01
8.076923076923077094e-01
8.097165991902833815e-01
8.097165991902833815e-01
8.238866396761133082e-01
8.238866396761133082e-01
8.259109311740890913e-01
8.259109311740890913e-01
8.319838056680162186e-01
8.319838056680162186e-01
8.360323886639675628e-01
8.360323886639675628e-01
8.400809716599190180e-01
8.400809716599190180e-01
8.461538461538461453e-01
8.461538461538461453e-01
8.522267206477732726e-01
8.522267206477732726e-01
8.542510121457489447e-01
8.542510121457489447e-01
8.603238866396760720e-01
8.603238866396760720e-01
8.643724696356275272e-01
8.643724696356275272e-01
8.684210526315789824e-01
8.684210526315789824e-01
8.724696356275303266e-01
8.724696356275303266e-01
8.744939271255061097e-01
8.744939271255061097e-01
8.785425101214574539e-01
8.785425101214574539e-01
8.805668016194332370e-01
8.805668016194332370e-01
8.886639676113360364e-01
8.886639676113360364e-01
8.906882591093117085e-01
8.906882591093117085e-01
8.967611336032388358e-01
8.967611336032388358e-01
9.008097165991902910e-01
9.008097165991902910e-01
9.028340080971659631e-01
9.028340080971659631e-01
9.048582995951417463e-01
9.048582995951417463e-01
9.068825910931174183e-01
9.068825910931174183e-01
9.089068825910930904e-01
9.089068825910930904e-01
9.109311740890688736e-01
9.109311740890688736e-01
9.170040485829960009e-01
9.170040485829960009e-01
9.210526315789473450e-01
9.210526315789473450e-01
9.230769230769231282e-01
9.230769230769231282e-01
9.251012145748988003e-01
9.251012145748988003e-01
9.271255060728744724e-01
9.271255060728744724e-01
9.331983805668015997e-01
9.331983805668015997e-01
9.352226720647773828e-01
9.352226720647773828e-01
9.372469635627530549e-01
9.372469635627530549e-01
9.392712550607287270e-01
9.392712550607287270e-01
9.412955465587043991e-01
9.412955465587043991e-01
9.433198380566801822e-01
9.433198380566801822e-01
9.453441295546558543e-01
9.453441295546558543e-01
9.473684210526315264e-01
9.473684210526315264e-01
9.493927125506073095e-01
9.493927125506073095e-01
9.514170040485829816e-01
9.514170040485829816e-01
9.534412955465586537e-01
9.534412955465586537e-01
9.554655870445344368e-01
9.554655870445344368e-01
9.574898785425101089e-01
9.574898785425101089e-01
9.595141700404857810e-01
9.595141700404857810e-01
9.615384615384615641e-01
9.615384615384615641e-01
9.635627530364372362e-01
9.635627530364372362e-01
9.655870445344129083e-01
9.655870445344129083e-01
9.676113360323886914e-01
9.676113360323886914e-01
9.696356275303643635e-01
9.696356275303643635e-01
9.716599190283400356e-01
9.716599190283400356e-01
9.736842105263158187e-01
9.736842105263158187e-01
9.757085020242914908e-01
9.757085020242914908e-01
9.777327935222671629e-01
9.777327935222671629e-01
9.797570850202429460e-01
9.797570850202429460e-01
9.817813765182186181e-01
9.817813765182186181e-01
9.838056680161942902e-01
9.838056680161942902e-01
9.858299595141700733e-01
9.858299595141700733e-01
9.878542510121457454e-01
9.878542510121457454e-01
9.898785425101214175e-01
9.898785425101214175e-01
9.919028340080972006e-01
9.919028340080972006e-01
9.939271255060728727e-01
9.939271255060728727e-01
9.959514170040485448e-01
9.959514170040485448e-01
9.979757085020243279e-01
9.979757085020243279e-01
1.000000000000000000e+00
1.000000000000000000e+00
