0 215 1
0 251 1
1 208 1
3 179 1
3 215 1
3 238 1
3 269 1
7 215 1
7 239 1
10 185 1
10 266 1
11 185 1
11 255 1
11 266 1
11 267 1
13 183 1
14 269 1
15 262 1
16 227 1
16 203 1
16 235 1
17 178 1
17 212 1
20 269 1
21 215 1
23 199 1
23 269 1
24 254 1
27 199 1
27 251 1
29 269 1
30 254 1
33 176 1
33 178 1
33 192 1
33 212 1
34 202 1
34 265 1
36 228 1
36 239 1
37 215 1
38 215 1
38 258 1
39 187 1
40 181 1
40 258 1
41 178 1
41 233 1
44 254 1
44 267 1
45 199 1
47 239 1
47 258 1
49 183 1
53 185 1
55 183 1
58 224 1
62 215 1
63 196 1
64 199 1
65 215 1
67 177 1
67 181 1
67 236 1
68 176 1
68 233 1
71 183 1
75 192 1
75 265 1
77 199 1
77 187 1
77 224 1
77 239 1
79 188 1
79 233 1
81 188 1
82 269 1
84 258 1
88 200 1
90 227 1
90 188 1
90 217 1
90 257 1
91 180 1
91 175 1
91 268 1
91 269 1
92 203 1
93 202 1
94 180 1
94 182 1
94 199 1
94 233 1
95 198 1
96 202 1
96 232 1
97 192 1
97 212 1
97 203 1
97 265 1
99 214 1
100 183 1
100 251 1
101 192 1
101 227 1
101 188 1
101 215 1
101 263 1
102 182 1
102 183 1
104 258 1
105 227 1
106 183 1
106 233 1
109 227 1
109 207 1
109 202 1
109 240 1
110 227 1
110 235 1
110 255 1
113 215 1
114 183 1
114 185 1
114 264 1
115 196 1
115 215 1
115 224 1
115 264 1
116 203 1
116 265 1
117 230 1
117 264 1
118 227 1
118 217 1
118 236 1
118 267 1
119 258 1
120 228 1
125 190 1
129 185 1
129 187 1
131 185 1
131 202 1
131 264 1
133 215 1
133 233 1
133 239 1
134 227 1
134 266 1
135 205 1
135 175 1
136 220 1
136 228 1
136 201 1
136 238 1
136 175 1
144 239 1
147 180 1
148 227 1
148 199 1
148 249 1
148 262 1
150 185 1
150 232 1
151 187 1
151 269 1
152 185 1
152 199 1
152 215 1
152 202 1
153 258 1
154 251 1
158 215 1
160 196 1
161 195 1
161 199 1
161 202 1
161 239 1
163 199 1
164 185 1
166 208 1
167 208 1
168 196 1
168 203 1
170 227 1
173 221 1
0 183 1
3 196 1
3 202 1
3 239 1
4 269 1
10 183 1
10 258 1
10 262 1
11 183 1
11 258 1
11 262 1
11 268 1
13 230 1
13 258 1
13 269 1
15 183 1
15 228 1
16 228 1
16 267 1
16 269 1
17 185 1
21 227 1
21 217 1
21 254 1
22 227 1
23 227 1
23 215 1
24 183 1
24 185 1
24 199 1
24 230 1
25 199 1
25 239 1
25 258 1
27 180 1
27 202 1
30 227 1
30 266 1
30 269 1
32 266 1
32 267 1
33 264 1
34 227 1
35 215 1
37 202 1
39 205 1
39 233 1
39 258 1
40 180 1
40 192 1
41 218 1
41 202 1
41 231 1
41 265 1
42 196 1
43 185 1
43 239 1
43 258 1
44 183 1
44 266 1
47 185 1
49 178 1
49 215 1
51 188 1
54 215 1
57 180 1
57 202 1
57 230 1
57 262 1
58 185 1
58 187 1
58 188 1
58 202 1
58 235 1
59 185 1
59 205 1
59 269 1
60 192 1
61 215 1
64 185 1
65 199 1
65 254 1
67 237 1
67 249 1
67 261 1
67 269 1
68 182 1
70 189 1
71 199 1
71 269 1
72 188 1
72 189 1
74 192 1
76 199 1
78 227 1
78 215 1
78 202 1
78 254 1
79 199 1
79 215 1
81 265 1
82 180 1
82 258 1
85 214 1
88 196 1
89 262 1
92 227 1
93 267 1
96 192 1
97 202 1
98 202 1
99 175 1
100 185 1
101 187 1
107 183 1
107 254 1
109 251 1
109 254 1
110 178 1
110 183 1
110 199 1
110 241 1
112 215 1
112 183 1
114 230 1
114 235 1
115 230 1
115 238 1
116 202 1
118 188 1
118 232 1
118 254 1
118 269 1
119 185 1
119 239 1
119 254 1
121 223 1
123 255 1
124 212 1
125 189 1
126 225 1
130 183 1
131 266 1
133 196 1
133 200 1
133 254 1
134 193 1
135 237 1
135 239 1
135 251 1
135 263 1
136 227 1
136 222 1
136 249 1
136 256 1
139 215 1
139 254 1
140 265 1
142 215 1
144 180 1
144 185 1
144 227 1
144 201 1
144 269 1
145 251 1
146 183 1
148 180 1
148 193 1
148 233 1
151 180 1
151 199 1
151 215 1
151 245 1
152 239 1
153 185 1
153 239 1
155 185 1
155 239 1
157 196 1
157 216 1
159 192 1
161 180 1
161 237 1
168 192 1
168 202 1
168 265 1
173 227 1
0 199 1
4 199 1
5 208 1
5 202 1
7 206 1
7 258 1
10 255 1
10 268 1
11 199 1
11 235 1
11 249 1
12 215 1
14 183 1
15 267 1
16 202 1
17 192 1
20 180 1
21 216 1
23 185 1
23 187 1
23 188 1
23 224 1
24 239 1
24 263 1
25 185 1
26 183 1
26 185 1
26 237 1
27 187 1
27 215 1
27 269 1
30 251 1
32 183 1
32 227 1
32 232 1
32 236 1
32 256 1
32 268 1
33 202 1
34 199 1
37 199 1
38 202 1
38 175 1
39 183 1
39 227 1
39 239 1
39 269 1
40 269 1
41 211 1
41 182 1
41 203 1
44 182 1
44 227 1
44 264 1
48 215 1
48 216 1
49 199 1
53 227 1
55 180 1
57 182 1
57 183 1
57 239 1
57 269 1
58 189 1
58 237 1
59 215 1
59 203 1
59 239 1
59 249 1
59 258 1
60 182 1
60 258 1
64 178 1
65 269 1
67 235 1
67 244 1
69 176 1
70 199 1
71 227 1
73 215 1
75 203 1
75 264 1
76 178 1
76 182 1
77 227 1
77 189 1
77 202 1
77 262 1
77 264 1
77 269 1
79 202 1
79 256 1
79 258 1
80 259 1
81 239 1
81 175 1
82 175 1
83 208 1
84 199 1
85 215 1
89 180 1
89 188 1
93 182 1
93 183 1
96 182 1
96 256 1
97 182 1
98 196 1
99 215 1
99 217 1
99 239 1
100 219 1
100 269 1
101 230 1
101 258 1
104 231 1
106 227 1
108 199 1
108 233 1
108 269 1
109 217 1
109 266 1
110 180 1
110 205 1
110 236 1
110 245 1
110 269 1
111 228 1
112 180 1
112 258 1
114 266 1
115 227 1
115 251 1
115 256 1
116 233 1
117 202 1
117 269 1
119 217 1
120 227 1
123 213 1
126 224 1
127 183 1
129 183 1
129 269 1
130 227 1
131 215 1
133 188 1
134 202 1
135 217 1
136 184 1
138 227 1
139 239 1
140 215 1
141 227 1
143 183 1
144 206 1
144 189 1
144 224 1
145 199 1
146 199 1
147 183 1
147 199 1
147 268 1
147 269 1
148 202 1
148 266 1
149 215 1
150 178 1
150 215 1
150 251 1
150 269 1
153 227 1
154 199 1
160 215 1
161 182 1
163 185 1
163 215 1
163 231 1
164 258 1
165 239 1
168 208 1
170 185 1
170 224 1
173 228 1
173 246 1
174 215 1
2 215 1
3 228 1
3 203 1
4 227 1
4 202 1
5 209 1
5 265 1
8 215 1
10 202 1
12 216 1
14 230 1
14 268 1
15 227 1
15 256 1
16 175 1
16 263 1
17 231 1
24 258 1
24 268 1
24 269 1
27 182 1
27 227 1
27 188 1
27 262 1
28 215 1
29 178 1
30 183 1
32 215 1
32 248 1
33 247 1
33 182 1
33 231 1
34 232 1
36 227 1
36 258 1
37 227 1
39 181 1
39 180 1
39 185 1
39 199 1
41 176 1
41 192 1
41 243 1
44 199 1
44 215 1
44 242 1
45 215 1
46 199 1
47 188 1
47 269 1
49 188 1
49 239 1
49 258 1
51 199 1
51 187 1
53 215 1
57 188 1
57 266 1
58 233 1
58 238 1
59 182 1
59 207 1
59 188 1
59 254 1
60 227 1
60 202 1
60 269 1
65 200 1
67 180 1
67 185 1
67 254 1
67 268 1
70 188 1
72 187 1
72 190 1
74 211 1
74 203 1
75 208 1
75 202 1
77 188 1
77 215 1
79 192 1
82 183 1
82 239 1
84 178 1
85 226 1
86 215 1
86 202 1
86 258 1
86 266 1
89 183 1
89 234 1
90 246 1
91 194 1
91 215 1
91 262 1
92 269 1
93 233 1
93 269 1
94 183 1
94 267 1
94 269 1
95 196 1
98 182 1
98 215 1
99 269 1
101 180 1
102 230 1
102 267 1
103 215 1
104 239 1
104 175 1
104 269 1
105 215 1
107 199 1
107 267 1
108 202 1
108 255 1
109 205 1
110 207 1
110 232 1
110 251 1
110 256 1
111 239 1
112 199 1
112 202 1
114 180 1
114 192 1
115 180 1
115 199 1
115 239 1
115 245 1
116 192 1
117 192 1
117 233 1
123 227 1
123 187 1
123 188 1
126 252 1
126 253 1
127 246 1
128 192 1
128 239 1
131 249 1
131 262 1
131 268 1
133 199 1
134 259 1
135 183 1
135 185 1
135 206 1
135 235 1
136 199 1
136 251 1
136 180 1
136 204 1
136 235 1
136 236 1
139 214 1
140 202 1
140 231 1
141 182 1
141 251 1
142 214 1
146 269 1
148 187 1
150 183 1
151 183 1
151 200 1
152 258 1
153 228 1
155 258 1
156 196 1
157 215 1
157 203 1
159 185 1
159 269 1
161 185 1
161 203 1
163 183 1
163 227 1
164 239 1
165 227 1
165 215 1
169 211 1
171 210 1
